              w [eV]            znorm(w)       delta(w) [eV]
    4.0608226305E-04    2.2396769482E+00    8.3273117355E-04
    1.2182467891E-03    2.1700170596E+00    8.0117165296E-04
    2.0304113152E-03    2.0895319225E+00    7.4938348267E-04
    2.8425758413E-03    2.0118316310E+00    6.8823565009E-04
    3.6547403674E-03    1.9402941560E+00    6.2374327513E-04
    4.4669048935E-03    1.8754959592E+00    5.5943688816E-04
    5.2790694196E-03    1.8171692219E+00    4.9740817382E-04
    6.0912339457E-03    1.7647725884E+00    4.3884420971E-04
    6.9033984718E-03    1.7176936027E+00    3.8434785806E-04
    7.7155629979E-03    1.6753308790E+00    3.3414551620E-04
    8.5277275240E-03    1.6371281033E+00    2.8822546655E-04
    9.3398920501E-03    1.6025861181E+00    2.4643057721E-04
    1.0152056576E-02    1.5712645665E+00    2.0852023545E-04
    1.0964221102E-02    1.5427786652E+00    1.7421134462E-04
    1.1776385628E-02    1.5167939372E+00    1.4320503010E-04
    1.2588550154E-02    1.4930203490E+00    1.1520360373E-04
    1.3400714681E-02    1.4712065717E+00    8.9920921492E-05
    1.4212879207E-02    1.4511346977E+00    6.7088300382E-05
    1.5025043733E-02    1.4326155388E+00    4.6457489698E-05
    1.5837208259E-02    1.4154845253E+00    2.7801725230E-05
    1.6649372785E-02    1.3995981733E+00    1.0915569950E-05
    1.7461537311E-02    1.3848310645E+00   -4.3859814478E-06
    1.8273701837E-02    1.3710732751E+00   -1.8268813807E-05
    1.9085866363E-02    1.3582281928E+00   -3.0881206639E-05
    1.9898030889E-02    1.3462106645E+00   -4.2355415782E-05
    2.0710195415E-02    1.3349454246E+00   -5.2809235155E-05
    2.1522359942E-02    1.3243657600E+00   -6.2347486607E-05
    2.2334524468E-02    1.3144123744E+00   -7.1063408937E-05
    2.3146688994E-02    1.3050324211E+00   -7.9039932371E-05
    2.3958853520E-02    1.2961786766E+00   -8.6350834567E-05
    2.4771018046E-02    1.2878088334E+00   -9.3061780379E-05
    2.5583182572E-02    1.2798848936E+00   -9.9231251257E-05
    2.6395347098E-02    1.2723726470E+00   -1.0491137215E-04
    2.7207511624E-02    1.2652412210E+00   -1.1014864472E-04
    2.8019676150E-02    1.2584626917E+00   -1.1498459578E-04
    2.8831840676E-02    1.2520117471E+00   -1.1945634984E-04
    2.9644005203E-02    1.2458653934E+00   -1.2359713394E-04
    3.0456169729E-02    1.2400027006E+00   -1.2743672239E-04
    3.1268334255E-02    1.2344045786E+00   -1.3100182859E-04
    3.2080498781E-02    1.2290535829E+00   -1.3431644994E-04
    3.2892663307E-02    1.2239337427E+00   -1.3740217171E-04
    3.3704827833E-02    1.2190304106E+00   -1.4027843469E-04
    3.4516992359E-02    1.2143301292E+00   -1.4296277110E-04
    3.5329156885E-02    1.2098205143E+00   -1.4547101272E-04
    3.6141321411E-02    1.2054901503E+00   -1.4781747453E-04
    3.6953485937E-02    1.2013284983E+00   -1.5001511689E-04
    3.7765650463E-02    1.1973258135E+00   -1.5207568906E-04
    3.8577814990E-02    1.1934730725E+00   -1.5400985603E-04
    3.9389979516E-02    1.1897619076E+00   -1.5582731105E-04
    4.0202144042E-02    1.1861845485E+00   -1.5753687525E-04
    4.1014308568E-02    1.1827337695E+00   -1.5914658624E-04
    4.1826473094E-02    1.1794028429E+00   -1.6066377673E-04
    4.2638637620E-02    1.1761854961E+00   -1.6209514451E-04
    4.3450802146E-02    1.1730758736E+00   -1.6344681482E-04
    4.4262966672E-02    1.1700685027E+00   -1.6472439595E-04
    4.5075131198E-02    1.1671582617E+00   -1.6593302883E-04
    4.5887295724E-02    1.1643403522E+00   -1.6707743147E-04
    4.6699460251E-02    1.1616102731E+00   -1.6816193858E-04
    4.7511624777E-02    1.1589637971E+00   -1.6919053719E-04
    4.8323789303E-02    1.1563969498E+00   -1.7016689858E-04
    4.9135953829E-02    1.1539059900E+00   -1.7109440684E-04
    4.9948118355E-02    1.1514873920E+00   -1.7197618473E-04
    5.0760282881E-02    1.1491378294E+00   -1.7281511680E-04
    5.1572447407E-02    1.1468541599E+00   -1.7361387030E-04
    5.2384611933E-02    1.1446334121E+00   -1.7437491403E-04
    5.3196776459E-02    1.1424727724E+00   -1.7510053537E-04
    5.4008940985E-02    1.1403695735E+00   -1.7579285563E-04
    5.4821105512E-02    1.1383212837E+00   -1.7645384401E-04
    5.5633270038E-02    1.1363254966E+00   -1.7708533021E-04
    5.6445434564E-02    1.1343799222E+00   -1.7768901590E-04
    5.7257599090E-02    1.1324823778E+00   -1.7826648506E-04
    5.8069763616E-02    1.1306307799E+00   -1.7881921347E-04
    5.8881928142E-02    1.1288231370E+00   -1.7934857730E-04
    5.9694092668E-02    1.1270575417E+00   -1.7985586094E-04
    6.0506257194E-02    1.1253321643E+00   -1.8034226413E-04
    6.1318421720E-02    1.1236452461E+00   -1.8080890849E-04
    6.2130586246E-02    1.1219950932E+00   -1.8125684345E-04
    6.2942750772E-02    1.1203800705E+00   -1.8168705172E-04
    6.3754915299E-02    1.1187985954E+00   -1.8210045429E-04
    6.4567079825E-02    1.1172491324E+00   -1.8249791494E-04
    6.5379244351E-02    1.1157301876E+00   -1.8288024448E-04
    6.6191408877E-02    1.1142403020E+00   -1.8324820460E-04
    6.7003573403E-02    1.1127780470E+00   -1.8360251136E-04
    6.7815737929E-02    1.1113420171E+00   -1.8394383849E-04
    6.8627902455E-02    1.1099308250E+00   -1.8427282037E-04
    6.9440066981E-02    1.1085430943E+00   -1.8459005480E-04
    7.0252231507E-02    1.1071774531E+00   -1.8489610554E-04
    7.1064396033E-02    1.1058325263E+00   -1.8519150464E-04
    7.1876560560E-02    1.1045069283E+00   -1.8547675470E-04
    7.2688725086E-02    1.1031992537E+00   -1.8575233079E-04
    7.3500889612E-02    1.1019080678E+00   -1.8601868240E-04
    7.4313054138E-02    1.1006318959E+00   -1.8627623512E-04
    7.5125218664E-02    1.0993692108E+00   -1.8652539228E-04
    7.5937383190E-02    1.0981184189E+00   -1.8676653644E-04
    7.6749547716E-02    1.0968778441E+00   -1.8700003079E-04
    7.7561712242E-02    1.0956457088E+00   -1.8722622045E-04
    7.8373876768E-02    1.0944201122E+00   -1.8744543365E-04
    7.9186041294E-02    1.0931990043E+00   -1.8765798293E-04
    7.9998205821E-02    1.0919801552E+00   -1.8786416611E-04
    8.0810370347E-02    1.0907611185E+00   -1.8806426729E-04
    8.1622534873E-02    1.0895391871E+00   -1.8825855775E-04
    8.2434699399E-02    1.0883113404E+00   -1.8844729679E-04
    8.3246863925E-02    1.0870741792E+00   -1.8863073241E-04
    8.4059028451E-02    1.0858238470E+00   -1.8880910199E-04
    8.4871192977E-02    1.0845559323E+00   -1.8898263278E-04
    8.5683357503E-02    1.0832653495E+00   -1.8915154234E-04
    8.6495522029E-02    1.0819461886E+00   -1.8931603866E-04
    8.7307686555E-02    1.0805915301E+00   -1.8947632020E-04
    8.8119851081E-02    1.0791932111E+00   -1.8963257544E-04
    8.8932015608E-02    1.0777415320E+00   -1.8978498207E-04
    8.9744180134E-02    1.0762248852E+00   -1.8993370545E-04
    9.0556344660E-02    1.0746292859E+00   -1.9007889619E-04
    9.1368509186E-02    1.0729377767E+00   -1.9022068631E-04
    9.2180673712E-02    1.0711296728E+00   -1.9035918353E-04
    9.2992838238E-02    1.0691796087E+00   -1.9049446277E-04
    9.3805002764E-02    1.0670563406E+00   -1.9062655376E-04
    9.4617167290E-02    1.0647212595E+00   -1.9075542304E-04
    9.5429331816E-02    1.0621265816E+00   -1.9088094813E-04
    9.6241496342E-02    1.0592132029E+00   -1.9100288104E-04
    9.7053660869E-02    1.0559081860E+00   -1.9112079807E-04
    9.7865825395E-02    1.0521213993E+00   -1.9123403374E-04
    9.8677989921E-02    1.0477381413E+00   -1.9134159937E-04
    9.9490154447E-02    1.0425947728E+00   -1.9144206812E-04
