              w [eV]            znorm(w)       delta(w) [eV]
    1.1370303365E-03    2.4054422604E+00    4.2746285957E-04
    3.4110910096E-03    2.0281588985E+00    3.5581983813E-04
    5.6851516827E-03    1.8251101559E+00    2.6056918966E-04
    7.9592123557E-03    1.6859413923E+00    1.7868681377E-04
    1.0233273029E-02    1.5847013416E+00    1.1459027787E-04
    1.2507333702E-02    1.5082174021E+00    6.5979102523E-05
    1.4781394375E-02    1.4486862461E+00    2.9411777557E-05
    1.7055455048E-02    1.4011901551E+00    1.8326648735E-06
    1.9329515721E-02    1.3624993477E+00   -1.9131771642E-05
    2.1603576394E-02    1.3304197617E+00   -3.5234836148E-05
    2.3877637067E-02    1.3034166077E+00   -4.7747095109E-05
    2.6151697740E-02    1.2803881953E+00   -5.7584846839E-05
    2.8425758413E-02    1.2605254358E+00   -6.5410543157E-05
    3.0699819086E-02    1.2432219442E+00   -7.1706194043E-05
    3.2973879760E-02    1.2280149584E+00   -7.6825523826E-05
    3.5247940433E-02    1.2145455558E+00   -8.1030627545E-05
    3.7522001106E-02    1.2025312673E+00   -8.4517683602E-05
    3.9796061779E-02    1.1917468409E+00   -8.7435044349E-05
    4.2070122452E-02    1.1820104799E+00   -8.9896038825E-05
    4.4344183125E-02    1.1731738288E+00   -9.1988101532E-05
    4.6618243798E-02    1.1651145720E+00   -9.3779336713E-05
    4.8892304471E-02    1.1577308825E+00   -9.5323280805E-05
    5.1166365144E-02    1.1509371990E+00   -9.6662389277E-05
    5.3440425817E-02    1.1446609690E+00   -9.7830612895E-05
    5.5714486490E-02    1.1388400993E+00   -9.8855318434E-05
    5.7988547163E-02    1.1334209300E+00   -9.9758733339E-05
    6.0262607836E-02    1.1283565917E+00   -1.0055904170E-04
    6.2536668509E-02    1.1236056415E+00   -1.0127122273E-04
    6.4810729183E-02    1.1191308928E+00   -1.0190769741E-04
    6.7084789856E-02    1.1148983622E+00   -1.0247883128E-04
    6.9358850529E-02    1.1108762634E+00   -1.0299332837E-04
    7.1632911202E-02    1.1070339631E+00   -1.0345854237E-04
    7.3906971875E-02    1.1033407971E+00   -1.0388072431E-04
    7.6181032548E-02    1.0997645903E+00   -1.0426522138E-04
    7.8455093221E-02    1.0962696408E+00   -1.0461663797E-04
    8.0729153894E-02    1.0928137600E+00   -1.0493896691E-04
    8.3003214567E-02    1.0893436457E+00   -1.0523569689E-04
    8.5277275240E-02    1.0857872518E+00   -1.0550989856E-04
    8.7551335913E-02    1.0820405913E+00   -1.0576428704E-04
    8.9825396586E-02    1.0779439012E+00   -1.0600124598E-04
    9.2099457259E-02    1.0732369444E+00   -1.0622276655E-04
    9.4373517932E-02    1.0674730429E+00   -1.0643016682E-04
    9.6647578606E-02    1.0598545006E+00   -1.0662321854E-04
    9.8921639279E-02    1.0489371697E+00   -1.0679773802E-04
