              w [eV]            znorm(w)       delta(w) [eV]
    1.2453189400E-03    2.4449699109E+00    8.7463455729E-05
    3.7359568200E-03    2.0109754528E+00    7.1176744665E-05
    6.2265947001E-03    1.7957596796E+00    4.9965894521E-05
    8.7172325801E-03    1.6537702245E+00    3.2447933929E-05
    1.1207870460E-02    1.5529217586E+00    1.9227694379E-05
    1.3698508340E-02    1.4779577701E+00    9.5108379276E-06
    1.6189146220E-02    1.4202738317E+00    2.3914090812E-06
    1.8679784100E-02    1.3746354059E+00   -2.8615580467E-06
    2.1170421980E-02    1.3376917342E+00   -6.7826468849E-06
    2.3661059860E-02    1.3072095733E+00   -9.7495231466E-06
    2.6151697740E-02    1.2816492168E+00   -1.2026389440E-05
    2.8642335620E-02    1.2599178256E+00   -1.3798373838E-05
    3.1132973500E-02    1.2412199345E+00   -1.5196151147E-05
    3.3623611380E-02    1.2249636214E+00   -1.6312908433E-05
    3.6114249260E-02    1.2106997752E+00   -1.7215877355E-05
    3.8604887140E-02    1.1980817000E+00   -1.7954158968E-05
    4.1095525020E-02    1.1868375815E+00   -1.8564055895E-05
    4.3586162901E-02    1.1767513040E+00   -1.9072733875E-05
    4.6076800781E-02    1.1676488149E+00   -1.9500760077E-05
    4.8567438661E-02    1.1593882516E+00   -1.9863881209E-05
    5.1058076541E-02    1.1518526685E+00   -2.0174282691E-05
    5.3548714421E-02    1.1449445859E+00   -2.0441490170E-05
    5.6039352301E-02    1.1385818336E+00   -2.0673021997E-05
    5.8529990181E-02    1.1326943202E+00   -2.0874866508E-05
    6.1020628061E-02    1.1272214594E+00   -2.1051834781E-05
    6.3511265941E-02    1.1221100573E+00   -2.1207823985E-05
    6.6001903821E-02    1.1173124965E+00   -2.1346015916E-05
    6.8492541701E-02    1.1127850754E+00   -2.1469028096E-05
    7.0983179581E-02    1.1084863507E+00   -2.1579029881E-05
    7.3473817461E-02    1.1043752986E+00   -2.1677832517E-05
    7.5964455341E-02    1.1004090250E+00   -2.1766959707E-05
    7.8455093221E-02    1.0965395903E+00   -2.1847703445E-05
    8.0945731101E-02    1.0927091789E+00   -2.1921168610E-05
    8.3436368981E-02    1.0888421751E+00   -2.1988308642E-05
    8.5927006861E-02    1.0848313042E+00   -2.2049953198E-05
    8.8417644741E-02    1.0805119920E+00   -2.2106825925E-05
    9.0908282621E-02    1.0756124930E+00   -2.2159543091E-05
    9.3398920501E-02    1.0696530007E+00   -2.2208562137E-05
    9.5889558381E-02    1.0617389674E+00   -2.2253983841E-05
    9.8380196261E-02    1.0501596541E+00   -2.2294930284E-05
