              w [eV]            znorm(w)       delta(w) [eV]
    5.6851516827E-04    2.2608770934E+00    8.1388375811E-04
    1.7055455048E-03    2.1358678450E+00    7.6070871288E-04
    2.8425758413E-03    2.0204350671E+00    6.7891294562E-04
    3.9796061779E-03    1.9196301654E+00    5.8991719449E-04
    5.1166365144E-03    1.8329671888E+00    5.0286772217E-04
    6.2536668509E-03    1.7586733547E+00    4.2202266737E-04
    7.3906971875E-03    1.6948537456E+00    3.4910726661E-04
    8.5277275240E-03    1.6397921566E+00    2.8448911702E-04
    9.6647578606E-03    1.5920252668E+00    2.2783282951E-04
    1.0801788197E-02    1.5503388900E+00    1.7847112781E-04
    1.1938818534E-02    1.5137378734E+00    1.3561283121E-04
    1.3075848870E-02    1.4814102209E+00    9.8455747732E-05
    1.4212879207E-02    1.4526934112E+00    6.6244271172E-05
    1.5349909543E-02    1.4270455029E+00    3.8295267293E-05
    1.6486939880E-02    1.4040213773E+00    1.4006247062E-05
    1.7623970216E-02    1.3832536236E+00   -7.1459216787E-06
    1.8761000553E-02    1.3644373202E+00   -2.5610966278E-05
    1.9898030889E-02    1.3473179751E+00   -4.1773094444E-05
    2.1035061226E-02    1.3316819738E+00   -5.5959309380E-05
    2.2172091562E-02    1.3173490032E+00   -6.8447371918E-05
    2.3309121899E-02    1.3041660233E+00   -7.9473042112E-05
    2.4446152236E-02    1.2920024511E+00   -8.9236466365E-05
    2.5583182572E-02    1.2807462954E+00   -9.7907702485E-05
    2.6720212909E-02    1.2703010390E+00   -1.0563143874E-04
    2.7857243245E-02    1.2605831113E+00   -1.1253099090E-04
    2.8994273582E-02    1.2515198288E+00   -1.1871166937E-04
    3.0131303918E-02    1.2430477077E+00   -1.2426360592E-04
    3.1268334255E-02    1.2351110746E+00   -1.2926412215E-04
    3.2405364591E-02    1.2276609178E+00   -1.3377971228E-04
    3.3542394928E-02    1.2206539311E+00   -1.3786770272E-04
    3.4679425264E-02    1.2140517155E+00   -1.4157764213E-04
    3.5816455601E-02    1.2078201098E+00   -1.4495246653E-04
    3.6953485937E-02    1.2019286252E+00   -1.4802947738E-04
    3.8090516274E-02    1.1963499677E+00   -1.5084116392E-04
    3.9227546610E-02    1.1910596318E+00   -1.5341589569E-04
    4.0364576947E-02    1.1860355538E+00   -1.5577850702E-04
    4.1501607284E-02    1.1812578145E+00   -1.5795079121E-04
    4.2638637620E-02    1.1767083843E+00   -1.5995191939E-04
    4.3775667957E-02    1.1723709026E+00   -1.6179879616E-04
    4.4912698293E-02    1.1682304867E+00   -1.6350636246E-04
    4.6049728630E-02    1.1642735667E+00   -1.6508785382E-04
    4.7186758966E-02    1.1604877401E+00   -1.6655502123E-04
    4.8323789303E-02    1.1568616457E+00   -1.6791832052E-04
    4.9460819639E-02    1.1533848528E+00   -1.6918707492E-04
    5.0597849976E-02    1.1500477629E+00   -1.7036961508E-04
    5.1734880312E-02    1.1468415235E+00   -1.7147339987E-04
    5.2871910649E-02    1.1437579513E+00   -1.7250512088E-04
    5.4008940985E-02    1.1407894640E+00   -1.7347079295E-04
    5.5145971322E-02    1.1379290190E+00   -1.7437583283E-04
    5.6283001659E-02    1.1351700586E+00   -1.7522512762E-04
    5.7420031995E-02    1.1325064604E+00   -1.7602309454E-04
    5.8557062332E-02    1.1299324919E+00   -1.7677373305E-04
    5.9694092668E-02    1.1274427697E+00   -1.7748067066E-04
    6.0831123005E-02    1.1250322208E+00   -1.7814720298E-04
    6.1968153341E-02    1.1226960476E+00   -1.7877632907E-04
    6.3105183678E-02    1.1204296939E+00   -1.7937078251E-04
    6.4242214014E-02    1.1182288135E+00   -1.7993305885E-04
    6.5379244351E-02    1.1160892387E+00   -1.8046543993E-04
    6.6516274687E-02    1.1140069496E+00   -1.8097001536E-04
    6.7653305024E-02    1.1119780436E+00   -1.8144870170E-04
    6.8790335360E-02    1.1099987033E+00   -1.8190325941E-04
    6.9927365697E-02    1.1080651629E+00   -1.8233530807E-04
    7.1064396033E-02    1.1061736723E+00   -1.8274633990E-04
    7.2201426370E-02    1.1043204572E+00   -1.8313773192E-04
    7.3338456707E-02    1.1025016736E+00   -1.8351075681E-04
    7.4475487043E-02    1.1007133563E+00   -1.8386659272E-04
    7.5612517380E-02    1.0989513571E+00   -1.8420633210E-04
    7.6749547716E-02    1.0972112718E+00   -1.8453098960E-04
    7.7886578053E-02    1.0954883499E+00   -1.8484150938E-04
    7.9023608389E-02    1.0937773837E+00   -1.8513877151E-04
    8.0160638726E-02    1.0920725688E+00   -1.8542359798E-04
    8.1297669062E-02    1.0903673262E+00   -1.8569675797E-04
    8.2434699399E-02    1.0886540728E+00   -1.8595897262E-04
    8.3571729735E-02    1.0869239231E+00   -1.8621091924E-04
    8.4708760072E-02    1.0851662943E+00   -1.8645323483E-04
    8.5845790408E-02    1.0833683809E+00   -1.8668651881E-04
    8.6982820745E-02    1.0815144463E+00   -1.8691133459E-04
    8.8119851081E-02    1.0795848589E+00   -1.8712820958E-04
    8.9256881418E-02    1.0775547687E+00   -1.8733763257E-04
    9.0393911755E-02    1.0753922779E+00   -1.8754004701E-04
    9.1530942091E-02    1.0730558957E+00   -1.8773583773E-04
    9.2667972428E-02    1.0704909930E+00   -1.8792530652E-04
    9.3805002764E-02    1.0676248760E+00   -1.8810862966E-04
    9.4942033101E-02    1.0643600259E+00   -1.8828578555E-04
    9.6079063437E-02    1.0605650708E+00   -1.8845643403E-04
    9.7216093774E-02    1.0560632446E+00   -1.8861972052E-04
    9.8353124110E-02    1.0506168721E+00   -1.8877397613E-04
    9.9490154447E-02    1.0438865124E+00   -1.8891629699E-04
