              w [eV]            znorm(w)       delta(w) [eV]
    2.4364935783E-04    2.2266922974E+00    8.3839300548E-04
    7.3094807349E-04    2.1997632726E+00    8.2570603344E-04
    1.2182467891E-03    2.1590578365E+00    8.0295378805E-04
    1.7055455048E-03    2.1133657783E+00    7.7328637444E-04
    2.1928442205E-03    2.0668288689E+00    7.3913979075E-04
    2.6801429361E-03    2.0213052007E+00    7.0225513844E-04
    3.1674416518E-03    1.9776207921E+00    6.6388361802E-04
    3.6547403674E-03    1.9361234818E+00    6.2493867017E-04
    4.1420390831E-03    1.8969277340E+00    5.8609199326E-04
    4.6293377988E-03    1.8600281770E+00    5.4783578618E-04
    5.1166365144E-03    1.8253559969E+00    5.1052583703E-04
    5.6039352301E-03    1.7928089966E+00    4.7441307384E-04
    6.0912339457E-03    1.7622685985E+00    4.3966751186E-04
    6.5785326614E-03    1.7336098649E+00    4.0639679475E-04
    7.0658313770E-03    1.7067075236E+00    3.7466069617E-04
    7.5531300927E-03    1.6814395871E+00    3.4448251563E-04
    8.0404288084E-03    1.6576894652E+00    3.1585804942E-04
    8.5277275240E-03    1.6353471178E+00    2.8876265193E-04
    9.0150262397E-03    1.6143095880E+00    2.6315678542E-04
    9.5023249553E-03    1.5944811365E+00    2.3899037008E-04
    9.9896236710E-03    1.5757731242E+00    2.1620617979E-04
    1.0476922387E-02    1.5581037385E+00    1.9474247877E-04
    1.0964221102E-02    1.5413976296E+00    1.7453505404E-04
    1.1451519818E-02    1.5255854996E+00    1.5551876778E-04
    1.1938818534E-02    1.5106036738E+00    1.3762872870E-04
    1.2426117249E-02    1.4963936717E+00    1.2080116194E-04
    1.2913415965E-02    1.4829017911E+00    1.0497404120E-04
    1.3400714681E-02    1.4700787125E+00    9.0087534056E-05
    1.3888013396E-02    1.4578791267E+00    7.6084301441E-05
    1.4375312112E-02    1.4462613885E+00    6.2909683849E-05
    1.4862610828E-02    1.4351871976E+00    5.0511800386E-05
    1.5349909543E-02    1.4246213043E+00    3.8841581379E-05
    1.5837208259E-02    1.4145312412E+00    2.7852751023E-05
    1.6324506975E-02    1.4048870776E+00    1.7501773086E-05
    1.6811805690E-02    1.3956611968E+00    7.7477699418E-06
    1.7299104406E-02    1.3868280929E+00   -1.4475770345E-06
    1.7786403122E-02    1.3783641868E+00   -1.0120139416E-05
    1.8273701837E-02    1.3702476591E+00   -1.8303461176E-05
    1.8761000553E-02    1.3624582988E+00   -2.6028881901E-05
    1.9248299268E-02    1.3549773657E+00   -3.3325660944E-05
    1.9735597984E-02    1.3477874658E+00   -4.0221100387E-05
    2.0222896700E-02    1.3408724387E+00   -4.6740665264E-05
    2.0710195415E-02    1.3342172550E+00   -5.2908099921E-05
    2.1197494131E-02    1.3278079230E+00   -5.8745539745E-05
    2.1684792847E-02    1.3216314044E+00   -6.4273617761E-05
    2.2172091562E-02    1.3156755379E+00   -6.9511565805E-05
    2.2659390278E-02    1.3099289686E+00   -7.4477310127E-05
    2.3146688994E-02    1.3043810850E+00   -7.9187561429E-05
    2.3633987709E-02    1.2990219613E+00   -8.3657899397E-05
    2.4121286425E-02    1.2938423038E+00   -8.7902851870E-05
    2.4608585141E-02    1.2888334036E+00   -9.1935968840E-05
    2.5095883856E-02    1.2839870922E+00   -9.5769891498E-05
    2.5583182572E-02    1.2792957013E+00   -9.9416416559E-05
    2.6070481288E-02    1.2747520262E+00   -1.0288655613E-04
    2.6557780003E-02    1.2703492921E+00   -1.0619059334E-04
    2.7045078719E-02    1.2660811230E+00   -1.0933813406E-04
    2.7532377435E-02    1.2619415136E+00   -1.1233815488E-04
    2.8019676150E-02    1.2579248034E+00   -1.1519904760E-04
    2.8506974866E-02    1.2540256525E+00   -1.1792866053E-04
    2.8994273582E-02    1.2502390198E+00   -1.2053433677E-04
    2.9481572297E-02    1.2465601428E+00   -1.2302294964E-04
    2.9968871013E-02    1.2429845189E+00   -1.2540093560E-04
    3.0456169729E-02    1.2395078879E+00   -1.2767432465E-04
    3.0943468444E-02    1.2361262168E+00   -1.2984876858E-04
    3.1430767160E-02    1.2328356844E+00   -1.3192956710E-04
    3.1918065876E-02    1.2296326681E+00   -1.3392169208E-04
    3.2405364591E-02    1.2265137312E+00   -1.3582980998E-04
    3.2892663307E-02    1.2234756116E+00   -1.3765830266E-04
    3.3379962023E-02    1.2205152104E+00   -1.3941128669E-04
    3.3867260738E-02    1.2176295823E+00   -1.4109263118E-04
    3.4354559454E-02    1.2148159264E+00   -1.4270597445E-04
    3.4841858170E-02    1.2120715772E+00   -1.4425473935E-04
    3.5329156885E-02    1.2093939968E+00   -1.4574214753E-04
    3.5816455601E-02    1.2067807672E+00   -1.4717123276E-04
    3.6303754317E-02    1.2042295836E+00   -1.4854485316E-04
    3.6791053032E-02    1.2017382480E+00   -1.4986570266E-04
    3.7278351748E-02    1.1993046625E+00   -1.5113632163E-04
    3.7765650463E-02    1.1969268244E+00   -1.5235910670E-04
    3.8252949179E-02    1.1946028203E+00   -1.5353632001E-04
    3.8740247895E-02    1.1923308217E+00   -1.5467009766E-04
    3.9227546610E-02    1.1901090800E+00   -1.5576245770E-04
    3.9714845326E-02    1.1879359221E+00   -1.5681530752E-04
    4.0202144042E-02    1.1858097467E+00   -1.5783045070E-04
    4.0689442757E-02    1.1837290203E+00   -1.5880959347E-04
    4.1176741473E-02    1.1816922737E+00   -1.5975435062E-04
    4.1664040189E-02    1.1796980983E+00   -1.6066625113E-04
    4.2151338904E-02    1.1777451437E+00   -1.6154674335E-04
    4.2638637620E-02    1.1758321138E+00   -1.6239719980E-04
    4.3125936336E-02    1.1739577650E+00   -1.6321892178E-04
    4.3613235051E-02    1.1721209027E+00   -1.6401314352E-04
    4.4100533767E-02    1.1703203794E+00   -1.6478103616E-04
    4.4587832483E-02    1.1685550921E+00   -1.6552371145E-04
    4.5075131198E-02    1.1668239804E+00   -1.6624222517E-04
    4.5562429914E-02    1.1651260241E+00   -1.6693758038E-04
    4.6049728630E-02    1.1634602414E+00   -1.6761073045E-04
    4.6537027345E-02    1.1618256871E+00   -1.6826258185E-04
    4.7024326061E-02    1.1602214507E+00   -1.6889399682E-04
    4.7511624777E-02    1.1586466551E+00   -1.6950579588E-04
    4.7998923492E-02    1.1571004545E+00   -1.7009876009E-04
    4.8486222208E-02    1.1555820333E+00   -1.7067363330E-04
    4.8973520924E-02    1.1540906049E+00   -1.7123112413E-04
    4.9460819639E-02    1.1526254097E+00   -1.7177190796E-04
    4.9948118355E-02    1.1511857146E+00   -1.7229662868E-04
    5.0435417071E-02    1.1497708111E+00   -1.7280590040E-04
    5.0922715786E-02    1.1483800147E+00   -1.7330030906E-04
    5.1410014502E-02    1.1470126637E+00   -1.7378041390E-04
    5.1897313218E-02    1.1456681179E+00   -1.7424674886E-04
    5.2384611933E-02    1.1443457580E+00   -1.7469982396E-04
    5.2871910649E-02    1.1430449842E+00   -1.7514012647E-04
    5.3359209365E-02    1.1417652160E+00   -1.7556812214E-04
    5.3846508080E-02    1.1405058907E+00   -1.7598425629E-04
    5.4333806796E-02    1.1392664628E+00   -1.7638895483E-04
    5.4821105512E-02    1.1380464034E+00   -1.7678262528E-04
    5.5308404227E-02    1.1368451992E+00   -1.7716565766E-04
    5.5795702943E-02    1.1356623520E+00   -1.7753842537E-04
    5.6283001659E-02    1.1344973779E+00   -1.7790128605E-04
    5.6770300374E-02    1.1333498066E+00   -1.7825458230E-04
    5.7257599090E-02    1.1322191808E+00   -1.7859864248E-04
    5.7744897805E-02    1.1311050558E+00   -1.7893378133E-04
    5.8232196521E-02    1.1300069987E+00   -1.7926030070E-04
    5.8719495237E-02    1.1289245876E+00   -1.7957849012E-04
    5.9206793952E-02    1.1278574117E+00   -1.7988862741E-04
    5.9694092668E-02    1.1268050702E+00   -1.8019097923E-04
    6.0181391384E-02    1.1257671720E+00   -1.8048580161E-04
    6.0668690099E-02    1.1247433352E+00   -1.8077334043E-04
    6.1155988815E-02    1.1237331865E+00   -1.8105383191E-04
    6.1643287531E-02    1.1227363609E+00   -1.8132750308E-04
    6.2130586246E-02    1.1217525011E+00   -1.8159457212E-04
    6.2617884962E-02    1.1207812571E+00   -1.8185524888E-04
    6.3105183678E-02    1.1198222857E+00   -1.8210973515E-04
    6.3592482393E-02    1.1188752500E+00   -1.8235822509E-04
    6.4079781109E-02    1.1179398191E+00   -1.8260090557E-04
    6.4567079825E-02    1.1170156676E+00   -1.8283795645E-04
    6.5054378540E-02    1.1161024751E+00   -1.8306955095E-04
    6.5541677256E-02    1.1151999257E+00   -1.8329585588E-04
    6.6028975972E-02    1.1143077078E+00   -1.8351703198E-04
    6.6516274687E-02    1.1134255133E+00   -1.8373323415E-04
    6.7003573403E-02    1.1125530374E+00   -1.8394461173E-04
    6.7490872119E-02    1.1116899781E+00   -1.8415130870E-04
    6.7978170834E-02    1.1108360357E+00   -1.8435346395E-04
    6.8465469550E-02    1.1099909122E+00   -1.8455121148E-04
    6.8952768266E-02    1.1091543108E+00   -1.8474468061E-04
    6.9440066981E-02    1.1083259355E+00   -1.8493399617E-04
    6.9927365697E-02    1.1075054907E+00   -1.8511927872E-04
    7.0414664413E-02    1.1066926800E+00   -1.8530064468E-04
    7.0901963128E-02    1.1058872064E+00   -1.8547820656E-04
    7.1389261844E-02    1.1050887710E+00   -1.8565207308E-04
    7.1876560560E-02    1.1042970728E+00   -1.8582234935E-04
    7.2363859275E-02    1.1035118075E+00   -1.8598913700E-04
    7.2851157991E-02    1.1027326673E+00   -1.8615253435E-04
    7.3338456707E-02    1.1019593396E+00   -1.8631263652E-04
    7.3825755422E-02    1.1011915064E+00   -1.8646953559E-04
    7.4313054138E-02    1.1004288432E+00   -1.8662332070E-04
    7.4800352854E-02    1.0996710180E+00   -1.8677407818E-04
    7.5287651569E-02    1.0989176902E+00   -1.8692189168E-04
    7.5774950285E-02    1.0981685096E+00   -1.8706684223E-04
    7.6262249000E-02    1.0974231145E+00   -1.8720900841E-04
    7.6749547716E-02    1.0966811308E+00   -1.8734846642E-04
    7.7236846432E-02    1.0959421703E+00   -1.8748529017E-04
    7.7724145147E-02    1.0952058287E+00   -1.8761955138E-04
    7.8211443863E-02    1.0944716838E+00   -1.8775131968E-04
    7.8698742579E-02    1.0937392935E+00   -1.8788066268E-04
    7.9186041294E-02    1.0930081931E+00   -1.8800764605E-04
    7.9673340010E-02    1.0922778931E+00   -1.8813233363E-04
    8.0160638726E-02    1.0915478757E+00   -1.8825478745E-04
    8.0647937441E-02    1.0908175922E+00   -1.8837506784E-04
    8.1135236157E-02    1.0900864585E+00   -1.8849323351E-04
    8.1622534873E-02    1.0893538518E+00   -1.8860934156E-04
    8.2109833588E-02    1.0886191053E+00   -1.8872344760E-04
    8.2597132304E-02    1.0878815037E+00   -1.8883560574E-04
    8.3084431020E-02    1.0871402765E+00   -1.8894586872E-04
    8.3571729735E-02    1.0863945921E+00   -1.8905428790E-04
    8.4059028451E-02    1.0856435497E+00   -1.8916091330E-04
    8.4546327167E-02    1.0848861712E+00   -1.8926579368E-04
    8.5033625882E-02    1.0841213913E+00   -1.8936897651E-04
    8.5520924598E-02    1.0833480466E+00   -1.8947050804E-04
    8.6008223314E-02    1.0825648628E+00   -1.8957043329E-04
    8.6495522029E-02    1.0817704404E+00   -1.8966879601E-04
    8.6982820745E-02    1.0809632385E+00   -1.8976563875E-04
    8.7470119461E-02    1.0801415554E+00   -1.8986100273E-04
    8.7957418176E-02    1.0793035073E+00   -1.8995492784E-04
    8.8444716892E-02    1.0784470035E+00   -1.9004745254E-04
    8.8932015608E-02    1.0775697172E+00   -1.9013861376E-04
    8.9419314323E-02    1.0766690529E+00   -1.9022844672E-04
    8.9906613039E-02    1.0757421086E+00   -1.9031698474E-04
    9.0393911755E-02    1.0747856311E+00   -1.9040425895E-04
    9.0881210470E-02    1.0737959662E+00   -1.9049029800E-04
    9.1368509186E-02    1.0727689997E+00   -1.9057512754E-04
    9.1855807902E-02    1.0717000909E+00   -1.9065876973E-04
    9.2343106617E-02    1.0705839947E+00   -1.9074124252E-04
    9.2830405333E-02    1.0694147732E+00   -1.9082255875E-04
    9.3317704049E-02    1.0681856945E+00   -1.9090272503E-04
    9.3805002764E-02    1.0668891168E+00   -1.9098174040E-04
    9.4292301480E-02    1.0655163590E+00   -1.9105959459E-04
    9.4779600195E-02    1.0640575541E+00   -1.9113626585E-04
    9.5266898911E-02    1.0625014877E+00   -1.9121171839E-04
    9.5754197627E-02    1.0608354211E+00   -1.9128589911E-04
    9.6241496342E-02    1.0590448976E+00   -1.9135873372E-04
    9.6728795058E-02    1.0571135264E+00   -1.9143012210E-04
    9.7216093774E-02    1.0550227176E+00   -1.9149993291E-04
    9.7703392489E-02    1.0527512845E+00   -1.9156799747E-04
    9.8190691205E-02    1.0502746873E+00   -1.9163410300E-04
    9.8677989921E-02    1.0475633823E+00   -1.9169798465E-04
    9.9165288636E-02    1.0445793827E+00   -1.9175931319E-04
    9.9652587352E-02    1.0412724797E+00   -1.9181766789E-04
