              w [eV]            znorm(w)       delta(w) [eV]
    1.2182467891E-03    2.4347245023E+00    2.3288895090E-04
    3.6547403674E-03    2.0151809765E+00    1.9059654873E-04
    6.0912339457E-03    1.8029013494E+00    1.3524079822E-04
    8.5277275240E-03    1.6615311517E+00    8.9067805807E-05
    1.0964221102E-02    1.5605389935E+00    5.3908051800E-05
    1.3400714681E-02    1.4851770862E+00    2.7867476856E-05
    1.5837208259E-02    1.4270296283E+00    8.6659173919E-06
    1.8273701837E-02    1.3809338220E+00   -5.5764967039E-06
    2.0710195415E-02    1.3435648256E+00   -1.6253977336E-05
    2.3146688994E-02    1.3126967701E+00   -2.4361855607E-05
    2.5583182572E-02    1.2867898495E+00   -3.0602236103E-05
    2.8019676150E-02    1.2647482981E+00   -3.5470432207E-05
    3.0456169729E-02    1.2457728776E+00   -3.9318038166E-05
    3.2892663307E-02    1.2292678794E+00   -4.2396967368E-05
    3.5329156885E-02    1.2147807209E+00   -4.4889690461E-05
    3.7765650463E-02    1.2019616551E+00   -4.6929918532E-05
    4.0202144042E-02    1.1905362477E+00   -4.8616791803E-05
    4.2638637620E-02    1.1802861656E+00   -5.0024677551E-05
    4.5075131198E-02    1.1710355025E+00   -5.1209994772E-05
    4.7511624777E-02    1.1626408685E+00   -5.2216014463E-05
    4.9948118355E-02    1.1549840848E+00   -5.3076270914E-05
    5.2384611933E-02    1.1479667117E+00   -5.3817011459E-05
    5.4821105512E-02    1.1415058823E+00   -5.4458974167E-05
    5.7257599090E-02    1.1355310745E+00   -5.5018691160E-05
    5.9694092668E-02    1.1299815602E+00   -5.5509453757E-05
    6.2130586246E-02    1.1248043369E+00   -5.5942034197E-05
    6.4567079825E-02    1.1199523923E+00   -5.6325230440E-05
    6.7003573403E-02    1.1153831740E+00   -5.6666281251E-05
    6.9440066981E-02    1.1110571454E+00   -5.6971185305E-05
    7.1876560560E-02    1.1069362942E+00   -5.7244948759E-05
    7.4313054138E-02    1.1029824191E+00   -5.7491779085E-05
    7.6749547716E-02    1.0991549383E+00   -5.7715238302E-05
    7.9186041294E-02    1.0954077896E+00   -5.7918365263E-05
    8.1622534873E-02    1.0916846700E+00   -5.8103774047E-05
    8.4059028451E-02    1.0879111974E+00   -5.8273732953E-05
    8.6495522029E-02    1.0839812260E+00   -5.8430225237E-05
    8.8932015608E-02    1.0797316548E+00   -5.8574985565E-05
    9.1368509186E-02    1.0748938418E+00   -5.8709487134E-05
    9.3805002764E-02    1.0689964829E+00   -5.8834799156E-05
    9.6241496342E-02    1.0611698580E+00   -5.8951072168E-05
    9.8677989921E-02    1.0497730335E+00   -5.9055973308E-05
