              w [eV]            znorm(w)       delta(w) [eV]
    8.1216452610E-05    2.2193207631E+00    8.3999699885E-04
    2.4364935783E-04    2.2162500264E+00    8.3850385451E-04
    4.0608226305E-04    2.2103491801E+00    8.3556724534E-04
    5.6851516827E-04    2.2020183696E+00    8.3127667195E-04
    7.3094807349E-04    2.1917137759E+00    8.2574660749E-04
    8.9338097871E-04    2.1798720343E+00    8.1910227215E-04
    1.0558138839E-03    2.1668731182E+00    8.1146910926E-04
    1.2182467891E-03    2.1530303154E+00    8.0296638377E-04
    1.3806796944E-03    2.1385940551E+00    7.9370401233E-04
    1.5431125996E-03    2.1237610148E+00    7.8378149888E-04
    1.7055455048E-03    2.1086841555E+00    7.7328806780E-04
    1.8679784100E-03    2.0934818400E+00    7.6230338787E-04
    2.0304113152E-03    2.0782454483E+00    7.5089852420E-04
    2.1928442205E-03    2.0630454674E+00    7.3913692144E-04
    2.3552771257E-03    2.0479362431E+00    7.2707532291E-04
    2.5177100309E-03    2.0329596400E+00    7.1476458755E-04
    2.6801429361E-03    2.0181478424E+00    7.0225039730E-04
    2.8425758413E-03    2.0035254915E+00    6.8957386155E-04
    3.0050087466E-03    1.9891113200E+00    6.7677203155E-04
    3.1674416518E-03    1.9749194041E+00    6.6387833835E-04
    3.3298745570E-03    1.9609601281E+00    6.5092296753E-04
    3.4923074622E-03    1.9472409322E+00    6.3793318181E-04
    3.6547403674E-03    1.9337668946E+00    6.2493360113E-04
    3.8171732727E-03    1.9205411901E+00    6.1194644760E-04
    3.9796061779E-03    1.9075654527E+00    5.9899176164E-04
    4.1420390831E-03    1.8948400648E+00    5.8608759399E-04
    4.3044719883E-03    1.8823643900E+00    5.7325017747E-04
    4.4669048935E-03    1.8701369618E+00    5.6049408161E-04
    4.6293377988E-03    1.8581556372E+00    5.4783235246E-04
    4.7917707040E-03    1.8464177233E+00    5.3527663954E-04
    4.9542036092E-03    1.8349200817E+00    5.2283731164E-04
    5.1166365144E-03    1.8236592155E+00    5.1052356261E-04
    5.2790694196E-03    1.8126313415E+00    4.9834350826E-04
    5.4415023248E-03    1.8018324509E+00    4.8630427541E-04
    5.6039352301E-03    1.7912583609E+00    4.7441208362E-04
    5.7663681353E-03    1.7809047575E+00    4.6267232049E-04
    5.9288010405E-03    1.7707672322E+00    4.5108961107E-04
    6.0912339457E-03    1.7608413124E+00    4.3966788170E-04
    6.2536668509E-03    1.7511224882E+00    4.2841041905E-04
    6.4160997562E-03    1.7416062339E+00    4.1731992451E-04
    6.5785326614E-03    1.7322880272E+00    4.0639856445E-04
    6.7409655666E-03    1.7231633648E+00    3.9564801656E-04
    6.9033984718E-03    1.7142277757E+00    3.8506951271E-04
    7.0658313770E-03    1.7054768327E+00    3.7466387849E-04
    7.2282642823E-03    1.6969061611E+00    3.6443156974E-04
    7.3906971875E-03    1.6885114471E+00    3.5437270624E-04
    7.5531300927E-03    1.6802884439E+00    3.4448710294E-04
    7.7155629979E-03    1.6722329768E+00    3.3477429864E-04
    7.8779959031E-03    1.6643409476E+00    3.2523358253E-04
    8.0404288084E-03    1.6566083377E+00    3.1586401877E-04
    8.2028617136E-03    1.6490312107E+00    3.0666446899E-04
    8.3652946188E-03    1.6416057140E+00    2.9763361318E-04
    8.5277275240E-03    1.6343280807E+00    2.8876996895E-04
    8.6901604292E-03    1.6271946297E+00    2.8007190915E-04
    8.8525933345E-03    1.6202017664E+00    2.7153767828E-04
    9.0150262397E-03    1.6133459827E+00    2.6316540745E-04
    9.1774591449E-03    1.6066238566E+00    2.5495312826E-04
    9.3398920501E-03    1.6000320517E+00    2.4689878544E-04
    9.5023249553E-03    1.5935673164E+00    2.3900024862E-04
    9.6647578606E-03    1.5872264827E+00    2.3125532300E-04
    9.8271907658E-03    1.5810064654E+00    2.2366175924E-04
    9.9896236710E-03    1.5749042604E+00    2.1621726245E-04
    1.0152056576E-02    1.5689169438E+00    2.0891950048E-04
    1.0314489481E-02    1.5630416700E+00    2.0176611148E-04
    1.0476922387E-02    1.5572756701E+00    1.9475471083E-04
    1.0639355292E-02    1.5516162508E+00    1.8788289742E-04
    1.0801788197E-02    1.5460607921E+00    1.8114825946E-04
    1.0964221102E-02    1.5406067463E+00    1.7454837965E-04
    1.1126654008E-02    1.5352516355E+00    1.6808083998E-04
    1.1289086913E-02    1.5299930506E+00    1.6174322604E-04
    1.1451519818E-02    1.5248286491E+00    1.5553313093E-04
    1.1613952723E-02    1.5197561539E+00    1.4944815880E-04
    1.1776385628E-02    1.5147733508E+00    1.4348592800E-04
    1.1938818534E-02    1.5098780877E+00    1.3764407397E-04
    1.2101251439E-02    1.5050682723E+00    1.3192025180E-04
    1.2263684344E-02    1.5003418707E+00    1.2631213851E-04
    1.2426117249E-02    1.4956969058E+00    1.2081743506E-04
    1.2588550154E-02    1.4911314554E+00    1.1543386821E-04
    1.2750983060E-02    1.4866436513E+00    1.1015919205E-04
    1.2913415965E-02    1.4822316769E+00    1.0499118944E-04
    1.3075848870E-02    1.4778937663E+00    9.9927673149E-05
    1.3238281775E-02    1.4736282029E+00    9.4966486969E-05
    1.3400714681E-02    1.4694333172E+00    9.0105506556E-05
    1.3563147586E-02    1.4653074865E+00    8.5342640188E-05
    1.3725580491E-02    1.4612491324E+00    8.0675829388E-05
    1.3888013396E-02    1.4572567205E+00    7.6103049416E-05
    1.4050446301E-02    1.4533287584E+00    7.1622309664E-05
    1.4212879207E-02    1.4494637945E+00    6.7231653951E-05
    1.4375312112E-02    1.4456604173E+00    6.2929160721E-05
    1.4537745017E-02    1.4419172535E+00    5.8712943171E-05
    1.4700177922E-02    1.4382329675E+00    5.4581149293E-05
    1.4862610828E-02    1.4346062597E+00    5.0531961858E-05
    1.5025043733E-02    1.4310358657E+00    4.6563598330E-05
    1.5187476638E-02    1.4275205554E+00    4.2674310733E-05
    1.5349909543E-02    1.4240591315E+00    3.8862385463E-05
    1.5512342448E-02    1.4206504289E+00    3.5126143058E-05
    1.5674775354E-02    1.4172933137E+00    3.1463937925E-05
    1.5837208259E-02    1.4139866821E+00    2.7874158032E-05
    1.5999641164E-02    1.4107294594E+00    2.4355224571E-05
    1.6162074069E-02    1.4075205996E+00    2.0905591590E-05
    1.6324506975E-02    1.4043590840E+00    1.7523745597E-05
    1.6486939880E-02    1.4012439206E+00    1.4208205149E-05
    1.6649372785E-02    1.3981741434E+00    1.0957520417E-05
    1.6811805690E-02    1.3951488116E+00    7.7702727358E-06
    1.6974238595E-02    1.3921670084E+00    4.6450741382E-06
    1.7136671501E-02    1.3892278412E+00    1.5805668807E-06
    1.7299104406E-02    1.3863304398E+00   -1.4245770436E-06
    1.7461537311E-02    1.3834739567E+00   -4.3716563998E-06
    1.7623970216E-02    1.3806575657E+00   -7.2619412116E-06
    1.7786403122E-02    1.3778804618E+00   -1.0096673267E-05
    1.7948836027E-02    1.3751418600E+00   -1.2877066628E-05
    1.8111268932E-02    1.3724409955E+00   -1.5604308142E-05
    1.8273701837E-02    1.3697771224E+00   -1.8279557952E-05
    1.8436134742E-02    1.3671495133E+00   -2.0903950013E-05
    1.8598567648E-02    1.3645574592E+00   -2.3478592601E-05
    1.8761000553E-02    1.3620002683E+00   -2.6004568824E-05
    1.8923433458E-02    1.3594772660E+00   -2.8482937127E-05
    1.9085866363E-02    1.3569877943E+00   -3.0914731800E-05
    1.9248299268E-02    1.3545312111E+00   -3.3300963474E-05
    1.9410732174E-02    1.3521068900E+00   -3.5642619618E-05
    1.9573165079E-02    1.3497142198E+00   -3.7940665029E-05
    1.9735597984E-02    1.3473526038E+00   -4.0196042321E-05
    1.9898030889E-02    1.3450214599E+00   -4.2409672398E-05
    2.0060463795E-02    1.3427202196E+00   -4.4582454933E-05
    2.0222896700E-02    1.3404483282E+00   -4.6715268831E-05
    2.0385329605E-02    1.3382052439E+00   -4.8808972692E-05
    2.0547762510E-02    1.3359904376E+00   -5.0864405262E-05
    2.0710195415E-02    1.3338033930E+00   -5.2882385879E-05
    2.0872628321E-02    1.3316436054E+00   -5.4863714916E-05
    2.1035061226E-02    1.3295105820E+00   -5.6809174206E-05
    2.1197494131E-02    1.3274038414E+00   -5.8719527472E-05
    2.1359927036E-02    1.3253229133E+00   -6.0595520738E-05
    2.1522359942E-02    1.3232673381E+00   -6.2437882745E-05
    2.1684792847E-02    1.3212366668E+00   -6.4247325342E-05
    2.1847225752E-02    1.3192304605E+00   -6.6024543891E-05
    2.2009658657E-02    1.3172482902E+00   -6.7770217642E-05
    2.2172091562E-02    1.3152897366E+00   -6.9485010119E-05
    2.2334524468E-02    1.3133543899E+00   -7.1169569486E-05
    2.2496957373E-02    1.3114418491E+00   -7.2824528912E-05
    2.2659390278E-02    1.3095517225E+00   -7.4450506926E-05
    2.2821823183E-02    1.3076836268E+00   -7.6048107762E-05
    2.2984256089E-02    1.3058371872E+00   -7.7617921704E-05
    2.3146688994E-02    1.3040120372E+00   -7.9160525414E-05
    2.3309121899E-02    1.3022078180E+00   -8.0676482264E-05
    2.3471554804E-02    1.3004241790E+00   -8.2166342646E-05
    2.3633987709E-02    1.2986607768E+00   -8.3630644291E-05
    2.3796420615E-02    1.2969172755E+00   -8.5069912569E-05
    2.3958853520E-02    1.2951933466E+00   -8.6484660788E-05
    2.4121286425E-02    1.2934886682E+00   -8.7875390484E-05
    2.4283719330E-02    1.2918029256E+00   -8.9242591706E-05
    2.4446152236E-02    1.2901358105E+00   -9.0586743291E-05
    2.4608585141E-02    1.2884870213E+00   -9.1908313139E-05
    2.4771018046E-02    1.2868562624E+00   -9.3207758471E-05
    2.4933450951E-02    1.2852432447E+00   -9.4485526097E-05
    2.5095883856E-02    1.2836476848E+00   -9.5742052656E-05
    2.5258316762E-02    1.2820693054E+00   -9.6977764873E-05
    2.5420749667E-02    1.2805078347E+00   -9.8193079794E-05
    2.5583182572E-02    1.2789630065E+00   -9.9388405019E-05
    2.5745615477E-02    1.2774345602E+00   -1.0056413894E-04
    2.5908048382E-02    1.2759222404E+00   -1.0172067094E-04
    2.6070481288E-02    1.2744257966E+00   -1.0285838165E-04
    2.6232914193E-02    1.2729449837E+00   -1.0397764313E-04
    2.6395347098E-02    1.2714795613E+00   -1.0507881908E-04
    2.6557780003E-02    1.2700292938E+00   -1.0616226506E-04
    2.6720212909E-02    1.2685939504E+00   -1.0722832866E-04
    2.6882645814E-02    1.2671733048E+00   -1.0827734972E-04
    2.7045078719E-02    1.2657671350E+00   -1.0930966052E-04
    2.7207511624E-02    1.2643752236E+00   -1.1032558590E-04
    2.7369944529E-02    1.2629973572E+00   -1.1132544355E-04
    2.7532377435E-02    1.2616333268E+00   -1.1230954406E-04
    2.7694810340E-02    1.2602829272E+00   -1.1327819121E-04
    2.7857243245E-02    1.2589459572E+00   -1.1423168202E-04
    2.8019676150E-02    1.2576222196E+00   -1.1517030700E-04
    2.8182109056E-02    1.2563115208E+00   -1.1609435028E-04
    2.8344541961E-02    1.2550136710E+00   -1.1700408973E-04
    2.8506974866E-02    1.2537284839E+00   -1.1789979717E-04
    2.8669407771E-02    1.2524557767E+00   -1.1878173845E-04
    2.8831840676E-02    1.2511953700E+00   -1.1965017366E-04
    2.8994273582E-02    1.2499470881E+00   -1.2050535721E-04
    2.9156706487E-02    1.2487107580E+00   -1.2134753800E-04
    2.9319139392E-02    1.2474862103E+00   -1.2217695954E-04
    2.9481572297E-02    1.2462732786E+00   -1.2299386007E-04
    2.9644005203E-02    1.2450717996E+00   -1.2379847271E-04
    2.9806438108E-02    1.2438816130E+00   -1.2459102555E-04
    2.9968871013E-02    1.2427025612E+00   -1.2537174180E-04
    3.0131303918E-02    1.2415344899E+00   -1.2614083988E-04
    3.0293736823E-02    1.2403772471E+00   -1.2689853357E-04
    3.0456169729E-02    1.2392306838E+00   -1.2764503206E-04
    3.0618602634E-02    1.2380946537E+00   -1.2838054010E-04
    3.0781035539E-02    1.2369690130E+00   -1.2910525813E-04
    3.0943468444E-02    1.2358536204E+00   -1.2981938231E-04
    3.1105901350E-02    1.2347483373E+00   -1.3052310467E-04
    3.1268334255E-02    1.2336530275E+00   -1.3121661320E-04
    3.1430767160E-02    1.2325675569E+00   -1.3190009196E-04
    3.1593200065E-02    1.2314917941E+00   -1.3257372111E-04
    3.1755632970E-02    1.2304256099E+00   -1.3323767707E-04
    3.1918065876E-02    1.2293688771E+00   -1.3389213258E-04
    3.2080498781E-02    1.2283214711E+00   -1.3453725679E-04
    3.2242931686E-02    1.2272832691E+00   -1.3517321532E-04
    3.2405364591E-02    1.2262541506E+00   -1.3580017038E-04
    3.2567797496E-02    1.2252339970E+00   -1.3641828082E-04
    3.2730230402E-02    1.2242226919E+00   -1.3702770222E-04
    3.2892663307E-02    1.2232201207E+00   -1.3762858696E-04
    3.3055096212E-02    1.2222261709E+00   -1.3822108431E-04
    3.3217529117E-02    1.2212407317E+00   -1.3880534047E-04
    3.3379962023E-02    1.2202636942E+00   -1.3938149866E-04
    3.3542394928E-02    1.2192949515E+00   -1.3994969921E-04
    3.3704827833E-02    1.2183343982E+00   -1.4051007956E-04
    3.3867260738E-02    1.2173819309E+00   -1.4106277440E-04
    3.4029693643E-02    1.2164374477E+00   -1.4160791570E-04
    3.4192126549E-02    1.2155008484E+00   -1.4214563275E-04
    3.4354559454E-02    1.2145720345E+00   -1.4267605227E-04
    3.4516992359E-02    1.2136509092E+00   -1.4319929842E-04
    3.4679425264E-02    1.2127373770E+00   -1.4371549288E-04
    3.4841858170E-02    1.2118313442E+00   -1.4422475492E-04
    3.5004291075E-02    1.2109327185E+00   -1.4472720143E-04
    3.5166723980E-02    1.2100414090E+00   -1.4522294698E-04
    3.5329156885E-02    1.2091573263E+00   -1.4571210387E-04
    3.5491589790E-02    1.2082803826E+00   -1.4619478218E-04
    3.5654022696E-02    1.2074104913E+00   -1.4667108985E-04
    3.5816455601E-02    1.2065475671E+00   -1.4714113268E-04
    3.5978888506E-02    1.2056915263E+00   -1.4760501439E-04
    3.6141321411E-02    1.2048422862E+00   -1.4806283670E-04
    3.6303754317E-02    1.2039997656E+00   -1.4851469933E-04
    3.6466187222E-02    1.2031638846E+00   -1.4896070007E-04
    3.6628620127E-02    1.2023345643E+00   -1.4940093482E-04
    3.6791053032E-02    1.2015117273E+00   -1.4983549761E-04
    3.6953485937E-02    1.2006952971E+00   -1.5026448069E-04
    3.7115918843E-02    1.1998851987E+00   -1.5068797449E-04
    3.7278351748E-02    1.1990813579E+00   -1.5110606775E-04
    3.7440784653E-02    1.1982837019E+00   -1.5151884749E-04
    3.7603217558E-02    1.1974921588E+00   -1.5192639908E-04
    3.7765650463E-02    1.1967066580E+00   -1.5232880626E-04
    3.7928083369E-02    1.1959271297E+00   -1.5272615119E-04
    3.8090516274E-02    1.1951535053E+00   -1.5311851445E-04
    3.8252949179E-02    1.1943857173E+00   -1.5350597514E-04
    3.8415382084E-02    1.1936236991E+00   -1.5388861084E-04
    3.8577814990E-02    1.1928673850E+00   -1.5426649769E-04
    3.8740247895E-02    1.1921167104E+00   -1.5463971039E-04
    3.8902680800E-02    1.1913716116E+00   -1.5500832226E-04
    3.9065113705E-02    1.1906320259E+00   -1.5537240524E-04
    3.9227546610E-02    1.1898978914E+00   -1.5573202995E-04
    3.9389979516E-02    1.1891691471E+00   -1.5608726569E-04
    3.9552412421E-02    1.1884457331E+00   -1.5643818049E-04
    3.9714845326E-02    1.1877275900E+00   -1.5678484111E-04
    3.9877278231E-02    1.1870146596E+00   -1.5712731309E-04
    4.0039711137E-02    1.1863068843E+00   -1.5746566079E-04
    4.0202144042E-02    1.1856042075E+00   -1.5779994736E-04
    4.0364576947E-02    1.1849065733E+00   -1.5813023481E-04
    4.0527009852E-02    1.1842139266E+00   -1.5845658403E-04
    4.0689442757E-02    1.1835262130E+00   -1.5877905482E-04
    4.0851875663E-02    1.1828433790E+00   -1.5909770585E-04
    4.1014308568E-02    1.1821653718E+00   -1.5941259478E-04
    4.1176741473E-02    1.1814921393E+00   -1.5972377821E-04
    4.1339174378E-02    1.1808236302E+00   -1.6003131173E-04
    4.1501607284E-02    1.1801597939E+00   -1.6033524994E-04
    4.1664040189E-02    1.1795005805E+00   -1.6063564644E-04
    4.1826473094E-02    1.1788459406E+00   -1.6093255391E-04
    4.1988905999E-02    1.1781958257E+00   -1.6122602408E-04
    4.2151338904E-02    1.1775501880E+00   -1.6151610776E-04
    4.2313771810E-02    1.1769089801E+00   -1.6180285487E-04
    4.2476204715E-02    1.1762721554E+00   -1.6208631443E-04
    4.2638637620E-02    1.1756396680E+00   -1.6236653464E-04
    4.2801070525E-02    1.1750114725E+00   -1.6264356282E-04
    4.2963503431E-02    1.1743875242E+00   -1.6291744548E-04
    4.3125936336E-02    1.1737677788E+00   -1.6318822830E-04
    4.3288369241E-02    1.1731521928E+00   -1.6345595619E-04
    4.3450802146E-02    1.1725407233E+00   -1.6372067327E-04
    4.3613235051E-02    1.1719333277E+00   -1.6398242290E-04
    4.3775667957E-02    1.1713299643E+00   -1.6424124769E-04
    4.3938100862E-02    1.1707305917E+00   -1.6449718951E-04
    4.4100533767E-02    1.1701351691E+00   -1.6475028953E-04
    4.4262966672E-02    1.1695436564E+00   -1.6500058820E-04
    4.4425399577E-02    1.1689560137E+00   -1.6524812528E-04
    4.4587832483E-02    1.1683722018E+00   -1.6549293987E-04
    4.4750265388E-02    1.1677921822E+00   -1.6573507039E-04
    4.4912698293E-02    1.1672159165E+00   -1.6597455460E-04
    4.5075131198E-02    1.1666433670E+00   -1.6621142966E-04
    4.5237564104E-02    1.1660744966E+00   -1.6644573206E-04
    4.5399997009E-02    1.1655092684E+00   -1.6667749771E-04
    4.5562429914E-02    1.1649476461E+00   -1.6690676189E-04
    4.5724862819E-02    1.1643895940E+00   -1.6713355933E-04
    4.5887295724E-02    1.1638350766E+00   -1.6735792414E-04
    4.6049728630E-02    1.1632840590E+00   -1.6757988989E-04
    4.6212161535E-02    1.1627365067E+00   -1.6779948958E-04
    4.6374594440E-02    1.1621923855E+00   -1.6801675566E-04
    4.6537027345E-02    1.1616516619E+00   -1.6823172007E-04
    4.6699460251E-02    1.1611143026E+00   -1.6844441420E-04
    4.6861893156E-02    1.1605802748E+00   -1.6865486893E-04
    4.7024326061E-02    1.1600495459E+00   -1.6886311465E-04
    4.7186758966E-02    1.1595220841E+00   -1.6906918122E-04
    4.7349191871E-02    1.1589978576E+00   -1.6927309806E-04
    4.7511624777E-02    1.1584768352E+00   -1.6947489407E-04
    4.7674057682E-02    1.1579589860E+00   -1.6967459770E-04
    4.7836490587E-02    1.1574442795E+00   -1.6987223696E-04
    4.7998923492E-02    1.1569326855E+00   -1.7006783937E-04
    4.8161356398E-02    1.1564241742E+00   -1.7026143203E-04
    4.8323789303E-02    1.1559187163E+00   -1.7045304161E-04
    4.8486222208E-02    1.1554162825E+00   -1.7064269434E-04
    4.8648655113E-02    1.1549168443E+00   -1.7083041604E-04
    4.8811088018E-02    1.1544203730E+00   -1.7101623212E-04
    4.8973520924E-02    1.1539268408E+00   -1.7120016759E-04
    4.9135953829E-02    1.1534362199E+00   -1.7138224705E-04
    4.9298386734E-02    1.1529484827E+00   -1.7156249472E-04
    4.9460819639E-02    1.1524636023E+00   -1.7174093444E-04
    4.9623252545E-02    1.1519815517E+00   -1.7191758968E-04
    4.9785685450E-02    1.1515023046E+00   -1.7209248354E-04
    4.9948118355E-02    1.1510258347E+00   -1.7226563875E-04
    5.0110551260E-02    1.1505521162E+00   -1.7243707770E-04
    5.0272984165E-02    1.1500811235E+00   -1.7260682242E-04
    5.0435417071E-02    1.1496128312E+00   -1.7277489461E-04
    5.0597849976E-02    1.1491472143E+00   -1.7294131562E-04
    5.0760282881E-02    1.1486842481E+00   -1.7310610648E-04
    5.0922715786E-02    1.1482239082E+00   -1.7326928790E-04
    5.1085148691E-02    1.1477661702E+00   -1.7343088027E-04
    5.1247581597E-02    1.1473110104E+00   -1.7359090366E-04
    5.1410014502E-02    1.1468584050E+00   -1.7374937784E-04
    5.1572447407E-02    1.1464083307E+00   -1.7390632228E-04
    5.1734880312E-02    1.1459607643E+00   -1.7406175616E-04
    5.1897313218E-02    1.1455156828E+00   -1.7421569835E-04
    5.2059746123E-02    1.1450730638E+00   -1.7436816745E-04
    5.2222179028E-02    1.1446328846E+00   -1.7451918179E-04
    5.2384611933E-02    1.1441951233E+00   -1.7466875940E-04
    5.2547044838E-02    1.1437597578E+00   -1.7481691805E-04
    5.2709477744E-02    1.1433267664E+00   -1.7496367525E-04
    5.2871910649E-02    1.1428961278E+00   -1.7510904825E-04
    5.3034343554E-02    1.1424678206E+00   -1.7525305402E-04
    5.3196776459E-02    1.1420418239E+00   -1.7539570932E-04
    5.3359209365E-02    1.1416181168E+00   -1.7553703061E-04
    5.3521642270E-02    1.1411966787E+00   -1.7567703416E-04
    5.3684075175E-02    1.1407774894E+00   -1.7581573596E-04
    5.3846508080E-02    1.1403605286E+00   -1.7595315178E-04
    5.4008940985E-02    1.1399457763E+00   -1.7608929716E-04
    5.4171373891E-02    1.1395332129E+00   -1.7622418742E-04
    5.4333806796E-02    1.1391228188E+00   -1.7635783764E-04
    5.4496239701E-02    1.1387145746E+00   -1.7649026269E-04
    5.4658672606E-02    1.1383084612E+00   -1.7662147723E-04
    5.4821105512E-02    1.1379044595E+00   -1.7675149569E-04
    5.4983538417E-02    1.1375025509E+00   -1.7688033230E-04
    5.5145971322E-02    1.1371027167E+00   -1.7700800110E-04
    5.5308404227E-02    1.1367049385E+00   -1.7713451590E-04
    5.5470837132E-02    1.1363091981E+00   -1.7725989035E-04
    5.5633270038E-02    1.1359154774E+00   -1.7738413786E-04
    5.5795702943E-02    1.1355237585E+00   -1.7750727169E-04
    5.5958135848E-02    1.1351340237E+00   -1.7762930488E-04
    5.6120568753E-02    1.1347462555E+00   -1.7775025030E-04
    5.6283001659E-02    1.1343604365E+00   -1.7787012064E-04
    5.6445434564E-02    1.1339765495E+00   -1.7798892840E-04
    5.6607867469E-02    1.1335945774E+00   -1.7810668592E-04
    5.6770300374E-02    1.1332145034E+00   -1.7822340535E-04
    5.6932733279E-02    1.1328363106E+00   -1.7833909868E-04
    5.7095166185E-02    1.1324599826E+00   -1.7845377772E-04
    5.7257599090E-02    1.1320855028E+00   -1.7856745413E-04
    5.7420031995E-02    1.1317128550E+00   -1.7868013941E-04
    5.7582464900E-02    1.1313420231E+00   -1.7879184489E-04
    5.7744897805E-02    1.1309729910E+00   -1.7890258173E-04
    5.7907330711E-02    1.1306057429E+00   -1.7901236097E-04
    5.8069763616E-02    1.1302402631E+00   -1.7912119348E-04
    5.8232196521E-02    1.1298765360E+00   -1.7922908996E-04
    5.8394629426E-02    1.1295145462E+00   -1.7933606101E-04
    5.8557062332E-02    1.1291542783E+00   -1.7944211704E-04
    5.8719495237E-02    1.1287957171E+00   -1.7954726834E-04
    5.8881928142E-02    1.1284388477E+00   -1.7965152506E-04
    5.9044361047E-02    1.1280836551E+00   -1.7975489721E-04
    5.9206793952E-02    1.1277301244E+00   -1.7985739465E-04
    5.9369226858E-02    1.1273782411E+00   -1.7995902715E-04
    5.9531659763E-02    1.1270279904E+00   -1.8005980428E-04
    5.9694092668E-02    1.1266793581E+00   -1.8015973555E-04
    5.9856525573E-02    1.1263323297E+00   -1.8025883031E-04
    6.0018958479E-02    1.1259868911E+00   -1.8035709777E-04
    6.0181391384E-02    1.1256430281E+00   -1.8045454704E-04
    6.0343824289E-02    1.1253007268E+00   -1.8055118711E-04
    6.0506257194E-02    1.1249599732E+00   -1.8064702684E-04
    6.0668690099E-02    1.1246207537E+00   -1.8074207498E-04
    6.0831123005E-02    1.1242830544E+00   -1.8083634016E-04
    6.0993555910E-02    1.1239468618E+00   -1.8092983089E-04
    6.1155988815E-02    1.1236121625E+00   -1.8102255558E-04
    6.1318421720E-02    1.1232789430E+00   -1.8111452253E-04
    6.1480854626E-02    1.1229471902E+00   -1.8120573992E-04
    6.1643287531E-02    1.1226168907E+00   -1.8129621583E-04
    6.1805720436E-02    1.1222880315E+00   -1.8138595823E-04
    6.1968153341E-02    1.1219605996E+00   -1.8147497501E-04
    6.2130586246E-02    1.1216345821E+00   -1.8156327392E-04
    6.2293019152E-02    1.1213099661E+00   -1.8165086263E-04
    6.2455452057E-02    1.1209867389E+00   -1.8173774871E-04
    6.2617884962E-02    1.1206648878E+00   -1.8182393964E-04
    6.2780317867E-02    1.1203444003E+00   -1.8190944279E-04
    6.2942750772E-02    1.1200252638E+00   -1.8199426545E-04
    6.3105183678E-02    1.1197074658E+00   -1.8207841480E-04
    6.3267616583E-02    1.1193909942E+00   -1.8216189794E-04
    6.3430049488E-02    1.1190758365E+00   -1.8224472188E-04
    6.3592482393E-02    1.1187619805E+00   -1.8232689353E-04
    6.3754915299E-02    1.1184494142E+00   -1.8240841973E-04
    6.3917348204E-02    1.1181381254E+00   -1.8248930722E-04
    6.4079781109E-02    1.1178281022E+00   -1.8256956266E-04
    6.4242214014E-02    1.1175193326E+00   -1.8264919264E-04
    6.4404646919E-02    1.1172118047E+00   -1.8272820363E-04
    6.4567079825E-02    1.1169055067E+00   -1.8280660206E-04
    6.4729512730E-02    1.1166004269E+00   -1.8288439426E-04
    6.4891945635E-02    1.1162965535E+00   -1.8296158648E-04
    6.5054378540E-02    1.1159938750E+00   -1.8303818490E-04
    6.5216811446E-02    1.1156923797E+00   -1.8311419562E-04
    6.5379244351E-02    1.1153920561E+00   -1.8318962467E-04
    6.5541677256E-02    1.1150928926E+00   -1.8326447800E-04
    6.5704110161E-02    1.1147948780E+00   -1.8333876148E-04
    6.5866543066E-02    1.1144980007E+00   -1.8341248093E-04
    6.6028975972E-02    1.1142022494E+00   -1.8348564207E-04
    6.6191408877E-02    1.1139076129E+00   -1.8355825057E-04
    6.6353841782E-02    1.1136140797E+00   -1.8363031203E-04
    6.6516274687E-02    1.1133216388E+00   -1.8370183198E-04
    6.6678707593E-02    1.1130302789E+00   -1.8377281589E-04
    6.6841140498E-02    1.1127399889E+00   -1.8384326914E-04
    6.7003573403E-02    1.1124507577E+00   -1.8391319706E-04
    6.7166006308E-02    1.1121625741E+00   -1.8398260493E-04
    6.7328439213E-02    1.1118754271E+00   -1.8405149796E-04
    6.7490872119E-02    1.1115893056E+00   -1.8411988127E-04
    6.7653305024E-02    1.1113041987E+00   -1.8418775996E-04
    6.7815737929E-02    1.1110200954E+00   -1.8425513904E-04
    6.7978170834E-02    1.1107369846E+00   -1.8432202347E-04
    6.8140603740E-02    1.1104548555E+00   -1.8438841816E-04
    6.8303036645E-02    1.1101736972E+00   -1.8445432796E-04
    6.8465469550E-02    1.1098934986E+00   -1.8451975764E-04
    6.8627902455E-02    1.1096142489E+00   -1.8458471195E-04
    6.8790335360E-02    1.1093359373E+00   -1.8464919556E-04
    6.8952768266E-02    1.1090585528E+00   -1.8471321309E-04
    6.9115201171E-02    1.1087820845E+00   -1.8477676910E-04
    6.9277634076E-02    1.1085065216E+00   -1.8483986813E-04
    6.9440066981E-02    1.1082318532E+00   -1.8490251462E-04
    6.9602499886E-02    1.1079580685E+00   -1.8496471298E-04
    6.9764932792E-02    1.1076851565E+00   -1.8502646759E-04
    6.9927365697E-02    1.1074131064E+00   -1.8508778275E-04
    7.0089798602E-02    1.1071419073E+00   -1.8514866273E-04
    7.0252231507E-02    1.1068715483E+00   -1.8520911173E-04
    7.0414664413E-02    1.1066020184E+00   -1.8526913392E-04
    7.0577097318E-02    1.1063333069E+00   -1.8532873341E-04
    7.0739530223E-02    1.1060654026E+00   -1.8538791429E-04
    7.0901963128E-02    1.1057982947E+00   -1.8544668057E-04
    7.1064396033E-02    1.1055319721E+00   -1.8550503624E-04
    7.1226828939E-02    1.1052664238E+00   -1.8556298523E-04
    7.1389261844E-02    1.1050016389E+00   -1.8562053142E-04
    7.1551694749E-02    1.1047376062E+00   -1.8567767868E-04
    7.1714127654E-02    1.1044743145E+00   -1.8573443080E-04
    7.1876560560E-02    1.1042117529E+00   -1.8579079155E-04
    7.2038993465E-02    1.1039499100E+00   -1.8584676465E-04
    7.2201426370E-02    1.1036887746E+00   -1.8590235377E-04
    7.2363859275E-02    1.1034283355E+00   -1.8595756256E-04
    7.2526292180E-02    1.1031685813E+00   -1.8601239462E-04
    7.2688725086E-02    1.1029095006E+00   -1.8606685351E-04
    7.2851157991E-02    1.1026510820E+00   -1.8612094275E-04
    7.3013590896E-02    1.1023933141E+00   -1.8617466582E-04
    7.3176023801E-02    1.1021361851E+00   -1.8622802617E-04
    7.3338456707E-02    1.1018796835E+00   -1.8628102721E-04
    7.3500889612E-02    1.1016237976E+00   -1.8633367231E-04
    7.3663322517E-02    1.1013685156E+00   -1.8638596480E-04
    7.3825755422E-02    1.1011138256E+00   -1.8643790799E-04
    7.3988188327E-02    1.1008597156E+00   -1.8648950514E-04
    7.4150621233E-02    1.1006061737E+00   -1.8654075947E-04
    7.4313054138E-02    1.1003531877E+00   -1.8659167420E-04
    7.4475487043E-02    1.1001007454E+00   -1.8664225247E-04
    7.4637919948E-02    1.0998488345E+00   -1.8669249741E-04
    7.4800352854E-02    1.0995974425E+00   -1.8674241213E-04
    7.4962785759E-02    1.0993465568E+00   -1.8679199969E-04
    7.5125218664E-02    1.0990961649E+00   -1.8684126311E-04
    7.5287651569E-02    1.0988462539E+00   -1.8689020540E-04
    7.5450084474E-02    1.0985968109E+00   -1.8693882953E-04
    7.5612517380E-02    1.0983478229E+00   -1.8698713844E-04
    7.5774950285E-02    1.0980992767E+00   -1.8703513503E-04
    7.5937383190E-02    1.0978511590E+00   -1.8708282218E-04
    7.6099816095E-02    1.0976034562E+00   -1.8713020275E-04
    7.6262249000E-02    1.0973561549E+00   -1.8717727955E-04
    7.6424681906E-02    1.0971092411E+00   -1.8722405537E-04
    7.6587114811E-02    1.0968627010E+00   -1.8727053298E-04
    7.6749547716E-02    1.0966165204E+00   -1.8731671511E-04
    7.6911980621E-02    1.0963706850E+00   -1.8736260448E-04
    7.7074413527E-02    1.0961251802E+00   -1.8740820376E-04
    7.7236846432E-02    1.0958799914E+00   -1.8745351560E-04
    7.7399279337E-02    1.0956351038E+00   -1.8749854265E-04
    7.7561712242E-02    1.0953905020E+00   -1.8754328749E-04
    7.7724145147E-02    1.0951461709E+00   -1.8758775271E-04
    7.7886578053E-02    1.0949020948E+00   -1.8763194085E-04
    7.8049010958E-02    1.0946582580E+00   -1.8767585445E-04
    7.8211443863E-02    1.0944146444E+00   -1.8771949601E-04
    7.8373876768E-02    1.0941712376E+00   -1.8776286800E-04
    7.8536309674E-02    1.0939280212E+00   -1.8780597288E-04
    7.8698742579E-02    1.0936849782E+00   -1.8784881308E-04
    7.8861175484E-02    1.0934420916E+00   -1.8789139101E-04
    7.9023608389E-02    1.0931993438E+00   -1.8793370905E-04
    7.9186041294E-02    1.0929567172E+00   -1.8797576956E-04
    7.9348474200E-02    1.0927141937E+00   -1.8801757488E-04
    7.9510907105E-02    1.0924717548E+00   -1.8805912734E-04
    7.9673340010E-02    1.0922293819E+00   -1.8810042922E-04
    7.9835772915E-02    1.0919870558E+00   -1.8814148280E-04
    7.9998205821E-02    1.0917447571E+00   -1.8818229034E-04
    8.0160638726E-02    1.0915024659E+00   -1.8822285407E-04
    8.0323071631E-02    1.0912601619E+00   -1.8826317619E-04
    8.0485504536E-02    1.0910178245E+00   -1.8830325891E-04
    8.0647937441E-02    1.0907754327E+00   -1.8834310439E-04
    8.0810370347E-02    1.0905329647E+00   -1.8838271479E-04
    8.0972803252E-02    1.0902903987E+00   -1.8842209223E-04
    8.1135236157E-02    1.0900477121E+00   -1.8846123884E-04
    8.1297669062E-02    1.0898048819E+00   -1.8850015670E-04
    8.1460101967E-02    1.0895618846E+00   -1.8853884790E-04
    8.1622534873E-02    1.0893186963E+00   -1.8857731448E-04
    8.1784967778E-02    1.0890752921E+00   -1.8861555849E-04
    8.1947400683E-02    1.0888316471E+00   -1.8865358195E-04
    8.2109833588E-02    1.0885877353E+00   -1.8869138687E-04
    8.2272266494E-02    1.0883435305E+00   -1.8872897522E-04
    8.2434699399E-02    1.0880990054E+00   -1.8876634898E-04
    8.2597132304E-02    1.0878541324E+00   -1.8880351009E-04
    8.2759565209E-02    1.0876088830E+00   -1.8884046050E-04
    8.2921998114E-02    1.0873632280E+00   -1.8887720211E-04
    8.3084431020E-02    1.0871171376E+00   -1.8891373683E-04
    8.3246863925E-02    1.0868705810E+00   -1.8895006654E-04
    8.3409296830E-02    1.0866235267E+00   -1.8898619312E-04
    8.3571729735E-02    1.0863759424E+00   -1.8902211840E-04
    8.3734162641E-02    1.0861277946E+00   -1.8905784424E-04
    8.3896595546E-02    1.0858790494E+00   -1.8909337244E-04
    8.4059028451E-02    1.0856296716E+00   -1.8912870481E-04
    8.4221461356E-02    1.0853796249E+00   -1.8916384315E-04
    8.4383894261E-02    1.0851288724E+00   -1.8919878921E-04
    8.4546327167E-02    1.0848773757E+00   -1.8923354477E-04
    8.4708760072E-02    1.0846250956E+00   -1.8926811156E-04
    8.4871192977E-02    1.0843719915E+00   -1.8930249132E-04
    8.5033625882E-02    1.0841180217E+00   -1.8933668574E-04
    8.5196058788E-02    1.0838631433E+00   -1.8937069654E-04
    8.5358491693E-02    1.0836073119E+00   -1.8940452539E-04
    8.5520924598E-02    1.0833504820E+00   -1.8943817396E-04
    8.5683357503E-02    1.0830926064E+00   -1.8947164390E-04
    8.5845790408E-02    1.0828336367E+00   -1.8950493685E-04
    8.6008223314E-02    1.0825735227E+00   -1.8953805443E-04
    8.6170656219E-02    1.0823122129E+00   -1.8957099825E-04
    8.6333089124E-02    1.0820496537E+00   -1.8960376989E-04
    8.6495522029E-02    1.0817857901E+00   -1.8963637095E-04
    8.6657954935E-02    1.0815205653E+00   -1.8966880297E-04
    8.6820387840E-02    1.0812539204E+00   -1.8970106750E-04
    8.6982820745E-02    1.0809857945E+00   -1.8973316607E-04
    8.7145253650E-02    1.0807161250E+00   -1.8976510020E-04
    8.7307686555E-02    1.0804448467E+00   -1.8979687138E-04
    8.7470119461E-02    1.0801718924E+00   -1.8982848110E-04
    8.7632552366E-02    1.0798971926E+00   -1.8985993082E-04
    8.7794985271E-02    1.0796206753E+00   -1.8989122199E-04
    8.7957418176E-02    1.0793422658E+00   -1.8992235604E-04
    8.8119851081E-02    1.0790618870E+00   -1.8995333438E-04
    8.8282283987E-02    1.0787794589E+00   -1.8998415840E-04
    8.8444716892E-02    1.0784948985E+00   -1.9001482948E-04
    8.8607149797E-02    1.0782081199E+00   -1.9004534898E-04
    8.8769582702E-02    1.0779190341E+00   -1.9007571824E-04
    8.8932015608E-02    1.0776275486E+00   -1.9010593856E-04
    8.9094448513E-02    1.0773335676E+00   -1.9013601125E-04
    8.9256881418E-02    1.0770369916E+00   -1.9016593757E-04
    8.9419314323E-02    1.0767377173E+00   -1.9019571877E-04
    8.9581747228E-02    1.0764356376E+00   -1.9022535608E-04
    8.9744180134E-02    1.0761306412E+00   -1.9025485069E-04
    8.9906613039E-02    1.0758226124E+00   -1.9028420378E-04
    9.0069045944E-02    1.0755114310E+00   -1.9031341649E-04
    9.0231478849E-02    1.0751969723E+00   -1.9034248995E-04
    9.0393911755E-02    1.0748791064E+00   -1.9037142522E-04
    9.0556344660E-02    1.0745576984E+00   -1.9040022337E-04
    9.0718777565E-02    1.0742326078E+00   -1.9042888540E-04
    9.0881210470E-02    1.0739036887E+00   -1.9045741232E-04
    9.1043643375E-02    1.0735707891E+00   -1.9048580505E-04
    9.1206076281E-02    1.0732337509E+00   -1.9051406450E-04
    9.1368509186E-02    1.0728924094E+00   -1.9054219154E-04
    9.1530942091E-02    1.0725465933E+00   -1.9057018697E-04
    9.1693374996E-02    1.0721961241E+00   -1.9059805157E-04
    9.1855807902E-02    1.0718408158E+00   -1.9062578604E-04
    9.2018240807E-02    1.0714804748E+00   -1.9065339105E-04
    9.2180673712E-02    1.0711148991E+00   -1.9068086721E-04
    9.2343106617E-02    1.0707438784E+00   -1.9070821504E-04
    9.2505539522E-02    1.0703671934E+00   -1.9073543502E-04
    9.2667972428E-02    1.0699846155E+00   -1.9076252756E-04
    9.2830405333E-02    1.0695959062E+00   -1.9078949299E-04
    9.2992838238E-02    1.0692008169E+00   -1.9081633153E-04
    9.3155271143E-02    1.0687990883E+00   -1.9084304336E-04
    9.3317704049E-02    1.0683904498E+00   -1.9086962854E-04
    9.3480136954E-02    1.0679746193E+00   -1.9089608704E-04
    9.3642569859E-02    1.0675513022E+00   -1.9092241871E-04
    9.3805002764E-02    1.0671201914E+00   -1.9094862330E-04
    9.3967435669E-02    1.0666809661E+00   -1.9097470044E-04
    9.4129868575E-02    1.0662332917E+00   -1.9100064962E-04
    9.4292301480E-02    1.0657768190E+00   -1.9102647019E-04
    9.4454734385E-02    1.0653111837E+00   -1.9105216135E-04
    9.4617167290E-02    1.0648360052E+00   -1.9107772216E-04
    9.4779600195E-02    1.0643508868E+00   -1.9110315147E-04
    9.4942033101E-02    1.0638554141E+00   -1.9112844799E-04
    9.5104466006E-02    1.0633491549E+00   -1.9115361019E-04
    9.5266898911E-02    1.0628316582E+00   -1.9117863635E-04
    9.5429331816E-02    1.0623024533E+00   -1.9120352453E-04
    9.5591764722E-02    1.0617610495E+00   -1.9122827253E-04
    9.5754197627E-02    1.0612069345E+00   -1.9125287790E-04
    9.5916630532E-02    1.0606395744E+00   -1.9127733792E-04
    9.6079063437E-02    1.0600584123E+00   -1.9130164956E-04
    9.6241496342E-02    1.0594628674E+00   -1.9132580948E-04
    9.6403929248E-02    1.0588523343E+00   -1.9134981400E-04
    9.6566362153E-02    1.0582261817E+00   -1.9137365909E-04
    9.6728795058E-02    1.0575837513E+00   -1.9139734032E-04
    9.6891227963E-02    1.0569243567E+00   -1.9142085287E-04
    9.7053660869E-02    1.0562472817E+00   -1.9144419148E-04
    9.7216093774E-02    1.0555517783E+00   -1.9146735043E-04
    9.7378526679E-02    1.0548370649E+00   -1.9149032352E-04
    9.7540959584E-02    1.0541023232E+00   -1.9151310404E-04
    9.7703392489E-02    1.0533466948E+00   -1.9153568474E-04
    9.7865825395E-02    1.0525692762E+00   -1.9155805778E-04
    9.8028258300E-02    1.0517691130E+00   -1.9158021475E-04
    9.8190691205E-02    1.0509451915E+00   -1.9160214658E-04
    9.8353124110E-02    1.0500964282E+00   -1.9162384354E-04
    9.8515557016E-02    1.0492216562E+00   -1.9164529518E-04
    9.8677989921E-02    1.0483196076E+00   -1.9166649028E-04
    9.8840422826E-02    1.0473888927E+00   -1.9168741677E-04
    9.9002855731E-02    1.0464279764E+00   -1.9170806164E-04
    9.9165288636E-02    1.0454351563E+00   -1.9172841081E-04
    9.9327721542E-02    1.0444085532E+00   -1.9174844893E-04
    9.9490154447E-02    1.0433461367E+00   -1.9176815916E-04
    9.9652587352E-02    1.0422458328E+00   -1.9178752289E-04
    9.9815020257E-02    1.0411057722E+00   -1.9180651949E-04
    9.9977453163E-02    1.0399244095E+00   -1.9182512658E-04
