              w [eV]            znorm(w)       delta(w) [eV]
    8.9338097871E-04    2.3304339580E+00    6.8753991094E-04
    2.6801429361E-03    2.0707219193E+00    6.0215287561E-04
    4.4669048935E-03    1.8997259432E+00    4.8241712309E-04
    6.2536668509E-03    1.7710791727E+00    3.6923146136E-04
    8.0404288084E-03    1.6715013273E+00    2.7239655474E-04
    9.8271907658E-03    1.5928541300E+00    1.9294738225E-04
    1.1613952723E-02    1.5295944990E+00    1.2895945890E-04
    1.3400714681E-02    1.4778529402E+00    7.7780043006E-05
    1.5187476638E-02    1.4348860461E+00    3.6869128243E-05
    1.6974238595E-02    1.3987180036E+00    4.0665259460E-06
    1.8761000553E-02    1.3679023955E+00   -2.2370750408E-05
    2.0547762510E-02    1.3413629317E+00   -4.3813618727E-05
    2.2334524468E-02    1.3182859955E+00   -6.1327442550E-05
    2.4121286425E-02    1.2980472802E+00   -7.5736336772E-05
    2.5908048382E-02    1.2801610091E+00   -8.7677660844E-05
    2.7694810340E-02    1.2642442750E+00   -9.7645554339E-05
    2.9481572297E-02    1.2499916292E+00   -1.0602470182E-04
    3.1268334255E-02    1.2371567148E+00   -1.1311612429E-04
    3.3055096212E-02    1.2255388070E+00   -1.1915673838E-04
    3.4841858170E-02    1.2149728208E+00   -1.2433415281E-04
    3.6628620127E-02    1.2053218011E+00   -1.2879786791E-04
    3.8415382084E-02    1.1964712115E+00   -1.3266777311E-04
    4.0202144042E-02    1.1883245443E+00   -1.3604061827E-04
    4.1988905999E-02    1.1807999109E+00   -1.3899496412E-04
    4.3775667957E-02    1.1738273677E+00   -1.4159498836E-04
    4.5562429914E-02    1.1673467995E+00   -1.4389342774E-04
    4.7349191871E-02    1.1613062289E+00   -1.4593386470E-04
    4.9135953829E-02    1.1556604559E+00   -1.4775251483E-04
    5.0922715786E-02    1.1503699512E+00   -1.4937963180E-04
    5.2709477744E-02    1.1453999512E+00   -1.5084061803E-04
    5.4496239701E-02    1.1407197092E+00   -1.5215690745E-04
    5.6283001659E-02    1.1363018700E+00   -1.5334667097E-04
    5.8069763616E-02    1.1321219432E+00   -1.5442538339E-04
    5.9856525573E-02    1.1281578517E+00   -1.5540628115E-04
    6.1643287531E-02    1.1243895392E+00   -1.5630073401E-04
    6.3430049488E-02    1.1207986218E+00   -1.5711854827E-04
    6.5216811446E-02    1.1173680695E+00   -1.5786821532E-04
    6.7003573403E-02    1.1140819046E+00   -1.5855711650E-04
    6.8790335360E-02    1.1109249037E+00   -1.5919169258E-04
    7.0577097318E-02    1.1078822877E+00   -1.5977758485E-04
    7.2363859275E-02    1.1049393791E+00   -1.6031975299E-04
    7.4150621233E-02    1.1020812023E+00   -1.6082257415E-04
    7.5937383190E-02    1.0992919897E+00   -1.6128992666E-04
    7.7724145147E-02    1.0965545387E+00   -1.6172526103E-04
    7.9510907105E-02    1.0938493395E+00   -1.6213166059E-04
    8.1297669062E-02    1.0911533431E+00   -1.6251189328E-04
    8.3084431020E-02    1.0884381637E+00   -1.6286845563E-04
    8.4871192977E-02    1.0856673724E+00   -1.6320360920E-04
    8.6657954935E-02    1.0827923072E+00   -1.6351940793E-04
    8.8444716892E-02    1.0797454115E+00   -1.6381771208E-04
    9.0231478849E-02    1.0764293864E+00   -1.6410017749E-04
    9.2018240807E-02    1.0726991746E+00   -1.6436819422E-04
    9.3805002764E-02    1.0683317034E+00   -1.6462271623E-04
    9.5591764722E-02    1.0629753917E+00   -1.6486385198E-04
    9.7378526679E-02    1.0560694986E+00   -1.6508994153E-04
    9.9165288636E-02    1.0467172303E+00   -1.6529564152E-04
