              w [eV]            znorm(w)       delta(w) [eV]
    1.1911746383E-03    2.4247192244E+00    3.1456219038E-04
    3.5735239148E-03    2.0194454930E+00    2.5889742145E-04
    5.9558731914E-03    1.8101715023E+00    1.8566564741E-04
    8.3382224679E-03    1.6694759639E+00    1.2396958881E-04
    1.0720571744E-02    1.5683689582E+00    7.6560256407E-05
    1.3102921021E-02    1.4926199170E+00    4.1173277619E-05
    1.5485270298E-02    1.4340093855E+00    1.4909500360E-05
    1.7867619574E-02    1.3874511540E+00   -4.6768600000E-06
    2.0249968851E-02    1.3496490667E+00   -1.9426527233E-05
    2.2632318127E-02    1.3183861588E+00   -3.0668000113E-05
    2.5014667404E-02    1.2921233535E+00   -3.9346519526E-05
    2.7397016680E-02    1.2697623969E+00   -4.6133640011E-05
    2.9779365957E-02    1.2505004979E+00   -5.1508858998E-05
    3.2161715233E-02    1.2337382591E+00   -5.5817424129E-05
    3.4544064510E-02    1.2190196547E+00   -5.9310452196E-05
    3.6926413787E-02    1.2059918752E+00   -6.2172605940E-05
    3.9308763063E-02    1.1943778310E+00   -6.4541214173E-05
    4.1691112340E-02    1.1839569220E+00   -6.6519553171E-05
    4.4073461616E-02    1.1745513284E+00   -6.8186144248E-05
    4.6455810893E-02    1.1660160631E+00   -6.9601321594E-05
    4.8838160169E-02    1.1582316343E+00   -7.0811917039E-05
    5.1220509446E-02    1.1510985483E+00   -7.1854635143E-05
    5.3602858722E-02    1.1445331276E+00   -7.2758509208E-05
    5.5985207999E-02    1.1384642784E+00   -7.3546706270E-05
    5.8367557275E-02    1.1328309482E+00   -7.4237866556E-05
    6.0749906552E-02    1.1275800828E+00   -7.4847106884E-05
    6.3132255829E-02    1.1226649398E+00   -7.5386779266E-05
    6.5514605105E-02    1.1180436410E+00   -7.5867049553E-05
    6.7896954382E-02    1.1136778621E+00   -7.6296342688E-05
    7.0279303658E-02    1.1095315563E+00   -7.6681688282E-05
    7.2661652935E-02    1.1055695910E+00   -7.7028991167E-05
    7.5044002211E-02    1.1017561336E+00   -7.7343245094E-05
    7.7426351488E-02    1.0980525336E+00   -7.7628703091E-05
    7.9808700764E-02    1.0944142832E+00   -7.7889014521E-05
    8.2191050041E-02    1.0907863104E+00   -7.8127336040E-05
    8.4573399318E-02    1.0870952184E+00   -7.8346420881E-05
    8.6955748594E-02    1.0832357660E+00   -7.8548686585E-05
    8.9338097871E-02    1.0790461251E+00   -7.8736251958E-05
    9.1720447147E-02    1.0742605818E+00   -7.8910909072E-05
    9.4102796424E-02    1.0684161546E+00   -7.9073924823E-05
    9.6485145700E-02    1.0606674934E+00   -7.9225362657E-05
    9.8867494977E-02    1.0494412702E+00   -7.9362087358E-05
