              w [eV]            znorm(w)       delta(w) [eV]
    7.3094807349E-04    2.2912074230E+00    7.6970244890E-04
    2.1928442205E-03    2.1022006894E+00    6.9688694299E-04
    3.6547403674E-03    1.9568659592E+00    5.9037908584E-04
    5.1166365144E-03    1.8396528296E+00    4.8264171718E-04
    6.5785326614E-03    1.7443958424E+00    3.8431949217E-04
    8.0404288084E-03    1.6663117329E+00    2.9873854368E-04
    9.5023249553E-03    1.6016533589E+00    2.2604545298E-04
    1.0964221102E-02    1.5475365643E+00    1.6507676594E-04
    1.2426117249E-02    1.5017610023E+00    1.1424388497E-04
    1.3888013396E-02    1.4626487810E+00    7.1938950566E-05
    1.5349909543E-02    1.4289143156E+00    3.6704176016E-05
    1.6811805690E-02    1.3995650275E+00    7.2865488527E-06
    1.8273701837E-02    1.3738275255E+00   -1.7360327777E-05
    1.9735597984E-02    1.3510932916E+00   -3.8096351285E-05
    2.1197494131E-02    1.3308787847E+00   -5.5621991054E-05
    2.2659390278E-02    1.3127960374E+00   -7.0505422430E-05
    2.4121286425E-02    1.2965308533E+00   -8.3206886735E-05
    2.5583182572E-02    1.2818265137E+00   -9.4099404349E-05
    2.7045078719E-02    1.2684714986E+00   -1.0348586541E-04
    2.8506974866E-02    1.2562901495E+00   -1.1161288803E-04
    2.9968871013E-02    1.2451355047E+00   -1.1868194234E-04
    3.1430767160E-02    1.2348837546E+00   -1.2485823015E-04
    3.2892663307E-02    1.2254299126E+00   -1.3027775445E-04
    3.4354559454E-02    1.2166844068E+00   -1.3505294432E-04
    3.5816455601E-02    1.2085703764E+00   -1.3927713382E-04
    3.7278351748E-02    1.2010215095E+00   -1.4302813442E-04
    3.8740247895E-02    1.1939803029E+00   -1.4637109127E-04
    4.0202144042E-02    1.1873966494E+00   -1.4936077366E-04
    4.1664040189E-02    1.1812266864E+00   -1.5204341735E-04
    4.3125936336E-02    1.1754318485E+00   -1.5445821193E-04
    4.4587832483E-02    1.1699780860E+00   -1.5663850569E-04
    4.6049728630E-02    1.1648352136E+00   -1.5861278543E-04
    4.7511624777E-02    1.1599763672E+00   -1.6040547611E-04
    4.8973520924E-02    1.1553775465E+00   -1.6203759614E-04
    5.0435417071E-02    1.1510172280E+00   -1.6352729617E-04
    5.1897313218E-02    1.1468760363E+00   -1.6489030388E-04
    5.3359209365E-02    1.1429364622E+00   -1.6614029256E-04
    5.4821105512E-02    1.1391826204E+00   -1.6728918754E-04
    5.6283001659E-02    1.1356000387E+00   -1.6834742196E-04
    5.7744897805E-02    1.1321754741E+00   -1.6932415098E-04
    5.9206793952E-02    1.1288967495E+00   -1.7022743179E-04
    6.0668690099E-02    1.1257526079E+00   -1.7106437543E-04
    6.2130586246E-02    1.1227325804E+00   -1.7184127525E-04
    6.3592482393E-02    1.1198268632E+00   -1.7256371591E-04
    6.5054378540E-02    1.1170262016E+00   -1.7323666631E-04
    6.6516274687E-02    1.1143217778E+00   -1.7386455892E-04
    6.7978170834E-02    1.1117050964E+00   -1.7445135781E-04
    6.9440066981E-02    1.1091678674E+00   -1.7500061719E-04
    7.0901963128E-02    1.1067018777E+00   -1.7551553187E-04
    7.2363859275E-02    1.1042988475E+00   -1.7599898099E-04
    7.3825755422E-02    1.1019502616E+00   -1.7645356605E-04
    7.5287651569E-02    1.0996471651E+00   -1.7688164401E-04
    7.6749547716E-02    1.0973799077E+00   -1.7728535627E-04
    7.8211443863E-02    1.0951378129E+00   -1.7766665415E-04
    7.9673340010E-02    1.0929087417E+00   -1.7802732125E-04
    8.1135236157E-02    1.0906785010E+00   -1.7836899301E-04
    8.2597132304E-02    1.0884300252E+00   -1.7869317383E-04
    8.4059028451E-02    1.0861422229E+00   -1.7900125126E-04
    8.5520924598E-02    1.0837883181E+00   -1.7929450714E-04
    8.6982820745E-02    1.0813334259E+00   -1.7957412397E-04
    8.8444716892E-02    1.0787309471E+00   -1.7984118382E-04
    8.9906613039E-02    1.0759171337E+00   -1.8009665401E-04
    9.1368509186E-02    1.0728028063E+00   -1.8034134809E-04
    9.2830405333E-02    1.0692606776E+00   -1.8057584037E-04
    9.4292301480E-02    1.0651060831E+00   -1.8080029182E-04
    9.5754197627E-02    1.0600685374E+00   -1.8101410957E-04
    9.7216093774E-02    1.0537520677E+00   -1.8121530925E-04
    9.8677989921E-02    1.0455670044E+00   -1.8139943018E-04
