              w [eV]            znorm(w)       delta(w) [eV]
    1.0828860348E-03    2.3870950090E+00    5.0917656462E-04
    3.2486581044E-03    2.0371141187E+00    4.2865478134E-04
    5.4144301740E-03    1.8405955659E+00    3.2042083587E-04
    7.5802022436E-03    1.7032136009E+00    2.2545041638E-04
    9.7459743132E-03    1.6019894085E+00    1.4968662220E-04
    1.1911746383E-02    1.5248370954E+00    9.1272119933E-05
    1.4077518452E-02    1.4644013130E+00    4.6708531714E-05
    1.6243290522E-02    1.4159546692E+00    1.2697152131E-05
    1.8409062592E-02    1.3763470472E+00   -1.3416329104E-05
    2.0574834661E-02    1.3434150360E+00   -3.3643146390E-05
    2.2740606731E-02    1.3156325622E+00   -4.9470129744E-05
    2.4906378800E-02    1.2918969903E+00   -6.1987122931E-05
    2.7072150870E-02    1.2713943001E+00   -7.1992805433E-05
    2.9237922939E-02    1.2535118302E+00   -8.0075007072E-05
    3.1403695009E-02    1.2377804104E+00   -8.6669339964E-05
    3.3569467079E-02    1.2238351089E+00   -9.2101283370E-05
    3.5735239148E-02    1.2113880484E+00   -9.6616214111E-05
    3.7901011218E-02    1.2002092177E+00   -1.0040083941E-04
    4.0066783287E-02    1.1901126871E+00   -1.0359855048E-04
    4.2232555357E-02    1.1809465445E+00   -1.0632048519E-04
    4.4398327427E-02    1.1725854368E+00   -1.0865355529E-04
    4.6564099496E-02    1.1649249650E+00   -1.1066631650E-04
    4.8729871566E-02    1.1578774154E+00   -1.1241329601E-04
    5.0895643635E-02    1.1513684670E+00   -1.1393820932E-04
    5.3061415705E-02    1.1453346199E+00   -1.1527637137E-04
    5.5227187775E-02    1.1397211591E+00   -1.1645651851E-04
    5.7392959844E-02    1.1344805199E+00   -1.1750219638E-04
    5.9558731914E-02    1.1295709516E+00   -1.1843282551E-04
    6.1724503983E-02    1.1249554020E+00   -1.1926452562E-04
    6.3890276053E-02    1.1206005578E+00   -1.2001075812E-04
    6.6056048123E-02    1.1164759860E+00   -1.2068283053E-04
    6.8221820192E-02    1.1125533239E+00   -1.2129029532E-04
    7.0387592262E-02    1.1088054591E+00   -1.2184126760E-04
    7.2553364331E-02    1.1052056298E+00   -1.2234267988E-04
    7.4719136401E-02    1.1017263486E+00   -1.2280048807E-04
    7.6884908470E-02    1.0983380026E+00   -1.2321983915E-04
    7.9050680540E-02    1.0950068952E+00   -1.2360520879E-04
    8.1216452610E-02    1.0916923301E+00   -1.2396051479E-04
    8.3382224679E-02    1.0883420379E+00   -1.2428921026E-04
    8.5547996749E-02    1.0848846614E+00   -1.2459435734E-04
    8.7713768818E-02    1.0812168858E+00   -1.2487867623E-04
    8.9879540888E-02    1.0771805463E+00   -1.2514455052E-04
    9.2045312958E-02    1.0725205961E+00   -1.2539393366E-04
    9.4211085027E-02    1.0668065008E+00   -1.2562800737E-04
    9.6376857097E-02    1.0592871882E+00   -1.2584620185E-04
    9.8542629166E-02    1.0486404279E+00   -1.2604365824E-04
