# [[3, 2, 5], [4, 2, 5]]
9.000000114591736633e+01 9.000000000000001421e+01
8.999999427041304045e+01 8.999999083266814637e+01
8.999998510307413824e+01 8.999997593575513122e+01
8.999997822756603227e+01 8.999996333067292653e+01
9.000003323161089952e+01 9.000006187949347236e+01
9.000003323162104607e+01 9.000008365190944915e+01
9.000003781530358538e+01 9.000011344574957661e+01
9.000005042041007641e+01 9.000018793036312559e+01
9.000008136015573257e+01 9.000034950480186069e+01
9.000015584445580430e+01 9.000071161550427234e+01
9.000037700441529864e+01 9.000146219610702758e+01
9.000091213743225182e+01 9.000313984397473632e+01
9.000222645664304366e+01 9.000683899017309386e+01
9.000542335102012714e+01 9.001499166425254828e+01
9.001312870282646372e+01 9.003298216939468546e+01
9.003149828035596158e+01 9.007267675837144338e+01
9.007502477016863907e+01 9.016025892851168066e+01
9.017706312515312561e+01 9.035042253928784817e+01
9.040749332572158892e+01 9.073172812898340567e+01
9.083878295651467738e+01 9.136304651182112480e+01
9.150758687539465086e+01 9.228519179944539985e+01
9.244820486484235289e+01 9.354430473007943192e+01
9.367478795279325254e+01 9.516637606373562619e+01
9.518825803502559779e+01 9.716772429841218184e+01
9.697281747000870666e+01 9.955091854413923613e+01
9.899199589687640355e+01 1.022998911728626439e+02
1.011850015864878856e+02 1.053741151202846567e+02
1.034649130050727166e+02 1.087024077417696049e+02
1.057245345634769080e+02 1.121811318232036001e+02
1.078564057130132170e+02 1.156861813147183398e+02
1.097839228302219254e+02 1.191020935142275761e+02
1.114817690417792164e+02 1.223538578922832301e+02
1.129682438521776930e+02 1.254169976564619731e+02
1.142785424134398653e+02 1.283016858530686193e+02
1.154426101951397357e+02 1.310292017642069879e+02
1.164780162886404469e+02 1.336169108143870119e+02
1.173924060700940259e+02 1.360725865251449420e+02
1.181881631043782903e+02 1.383960708425260862e+02
1.188653453673771168e+02 1.405852895437656684e+02
5.881106552704205370e+01 6.620313455832349803e+01
5.791586937740867569e+01 6.648879830259545543e+01
5.716142430432690702e+01 6.688575812832743850e+01
5.655657784834741619e+01 6.736656037913728312e+01
5.609596601051485720e+01 6.789955460363518114e+01
5.576597650714553112e+01 6.844529658571897812e+01
5.555219824827586450e+01 6.895601322301774871e+01
5.544093521982052408e+01 6.938074613791607703e+01
5.542121887743848418e+01 6.967219260647578949e+01
5.548451699612783017e+01 6.979371832908209683e+01
5.562604422501790680e+01 6.972471487408206769e+01
5.584591378261435324e+01 6.946282275932111361e+01
5.614854517712334570e+01 6.902282666009884338e+01
5.654033495260839715e+01 6.843288203229153055e+01
5.702641138104866769e+01 6.772948683147022564e+01
5.760762751439115448e+01 6.695241911263089207e+01
5.827843925508246770e+01 6.613920564735211371e+01
5.902552305923312304e+01 6.531997765271881917e+01
5.982767065567016829e+01 6.451366428595214586e+01
6.065747817303495282e+01 6.372734700301013788e+01
8.577712317888341431e+01 3.800299239532007078e+01
8.496991125690863100e+01 3.796055590090648479e+01
8.430308763905894409e+01 3.784985642211485413e+01
8.379424634542922945e+01 3.770507516162261652e+01
8.345291582644892969e+01 3.755320791858201090e+01
8.328124043885370043e+01 3.741289849795811762e+01
8.327517164787366255e+01 1.145244309412408512e+02
8.342612236384451307e+01 1.146664527859217912e+02
8.372258937744589957e+01 1.147157531843072036e+02
8.415175211821872381e+01 1.146649622052980533e+02
8.470081177977802156e+01 1.145040169434364685e+02
8.535794983654992052e+01 1.142210256538476756e+02
8.611289328533021603e+01 1.138029336564240026e+02
8.695743807691320626e+01 1.132359670759269363e+02
8.788606265785161042e+01 1.125055662558475547e+02
8.889660218369546385e+01 1.115966111390340245e+02
8.998969185965036388e+01 1.104943847687654710e+02
9.116545425926973678e+01 1.091868556962329251e+02
9.241891620537870722e+01 1.076670235840887671e+02
9.373715709245414018e+01 1.059348864524345544e+02
9.509975548984583327e+01 1.039988559843851732e+02
9.648114820765343325e+01 1.018769493982641876e+02
9.785448296195428952e+01 9.959708498582418201e+01
9.919515299827089905e+01 9.719535673878145587e+01
1.004799259423527502e+02 9.471181139538668958e+01
1.016852251967689114e+02 9.218806242436870946e+01
1.027872404032107880e+02 8.966585300446669748e+01
1.037631156921482614e+02 8.718574092340303139e+01
1.045922820969023093e+02 8.478610275768284055e+01
1.052583015589481477e+02 8.250228495392575212e+01
1.057511219597995051e+02 8.036578633158917739e+01
1.060692007919822402e+02 7.840282713523720304e+01
1.062201554176017169e+02 7.663301105564332261e+01
1.062194756917449894e+02 7.506847210327303799e+01
1.060885711608474509e+02 7.371431225386456276e+01
1.058532928381847285e+02 7.256933076151857165e+01
1.055428665895903464e+02 1.443444928129223968e+02
1.051914417155678905e+02 1.431413424386476549e+02
1.048346529125616797e+02 1.418678886548538571e+02
1.045047294011232992e+02 1.405275353462078272e+02
1.042274653881224253e+02 1.391247621551484031e+02
1.040215882383562445e+02 1.376671881372370194e+02
1.038994647664242166e+02 1.361658602347500562e+02
1.038689124006477869e+02 1.346343602042918803e+02
1.039340123603333836e+02 1.330875970164080115e+02
1.040961383488257184e+02 1.315407163212977366e+02
1.043537211446775359e+02 1.300087447840457457e+02
1.047013538204899277e+02 6.924961385237315881e+01
1.051293296403282369e+02 6.972923053413060757e+01
1.056245911666641746e+02 7.035942208272247456e+01
1.061726513737495026e+02 7.114836004528316948e+01
1.067587773487438909e+02 7.210252999536989194e+01
1.073685303352656746e+02 7.322711922537357054e+01
1.079882125386487388e+02 7.452682111930731423e+01
1.086056802837255759e+02 7.600671350992141129e+01
1.092109693452156165e+02 7.767269170974542192e+01
1.097944283294428089e+02 7.952787429448133594e+01
1.103415213959225554e+02 8.156330680011845402e+01
7.576698517786618936e+01 8.376297759196472725e+01
7.644997911106821675e+01 8.610679850713735561e+01
7.721989088972181037e+01 8.857012712460678472e+01
7.809357550218661004e+01 9.112236781013697851e+01
7.909492395092743777e+01 9.372548155830355654e+01
8.025447348167000428e+01 9.633355266419020779e+01
8.160824390022155228e+01 9.889375218361828956e+01
8.319507628933342858e+01 1.013494725084203623e+02
8.505245837405738030e+01 1.036450488895627302e+02
8.721069431396412597e+01 1.057311383418930006e+02
8.968693658934283519e+01 1.075695268204161579e+02
9.248092743243793734e+01 1.091365718475384483e+02
9.557381267141332160e+01 1.104246742058926003e+02
9.892991383145304951e+01 1.114419806091073326e+02
1.025006561211537814e+02 1.122101757399898787e+02
1.062292316055930002e+02 1.127605400024552438e+02
1.100536839481417246e+02 1.131287923469216850e+02
1.139090656538758140e+02 1.133507084782065988e+02
1.177301602755948551e+02 1.134598407680948213e+02
1.214549713619922784e+02 1.134860216352212490e+02
1.250279693728431170e+02 1.134544670664454458e+02
1.284027193750680738e+02 1.133852628490402452e+02
1.315432178717398983e+02 1.132935615920485759e+02
1.344241546598131265e+02 1.131902016784933949e+02
1.370301026136027076e+02 1.130825655963636507e+02
1.393542410504526572e+02 1.129753389536152071e+02
1.413965955966304477e+02 1.128710191882943690e+02
1.431622470102739726e+02 1.127700030793476600e+02
1.446593825665113116e+02 1.126704077529074510e+02
1.458977523947046393e+02 1.125677318484112135e+02
1.468873090619055120e+02 1.124544445379915487e+02
1.476372294251441701e+02 1.123197292771612297e+02
1.481550654264996751e+02 1.081416557843215429e+02
1.484459272406344894e+02 1.089376147882976085e+02
1.485116254797474937e+02 1.097525639867207730e+02
1.483500205472105904e+02 1.105893373708379102e+02
1.479547316111740827e+02 1.114477930581545735e+02
1.473154133013998432e+02 1.123247279591111294e+02
1.464191736361644871e+02 1.132130252785279794e+02
1.452534635584425189e+02 1.141000855488497479e+02
1.438101013469016891e+02 1.149654920499250039e+02
1.420897868003081612e+02 1.157781725881995101e+02
1.401065949657029819e+02 1.164935410469200150e+02
1.378927512529566854e+02 1.170509386811900470e+02
1.355022590259534638e+02 1.173737754622659253e+02
1.330105279758139432e+02 1.173764030634172570e+02
1.305048869117627817e+02 1.169826578901163856e+02
1.280626479077583895e+02 1.161557684023116224e+02
1.257247107977229206e+02 1.149247998307937308e+02
1.234851409225597223e+02 1.133835033009120110e+02
1.213072181551238771e+02 1.116574026509594972e+02
1.191513098439011316e+02 1.098641915567534966e+02
1.169936130080806294e+02 1.080913422122134335e+02
1.148306500399354917e+02 1.063933552537762353e+02
1.126752196345020849e+02 1.047984204397629071e+02
1.105493484955196664e+02 1.033165810489863929e+02
1.084772309631649279e+02 1.019470615897662924e+02
1.064797194389981456e+02 9.957066776192809243e+01
1.045722465505756986e+02 9.967151418016366904e+01
1.027664264350172658e+02 9.970343392260654980e+01
1.010729007803724926e+02 9.966329735914959542e+01
9.950320550761114191e+01 9.955021811754807004e+01
9.807118512107895469e+01 9.936138511067754564e+01
9.679284703513373245e+01 9.908968981237698870e+01
9.568226710471803642e+01 9.874406519812183092e+01
9.474196813610136303e+01 9.834821769850900353e+01
9.395239076630065256e+01 9.794302316214286463e+01
5.776428196710697449e+01 9.757333099309454383e+01
5.611954814851262796e+01 9.726832676699251579e+01
5.455952855370713195e+01 9.704782396707493319e+01
5.311258033992550764e+01 9.692592868210162749e+01
5.180113929740444689e+01 9.691283111409875062e+01
5.064169337703525287e+01 9.701540402438911315e+01
4.964622387952769600e+01 9.723678340971645184e+01
1.017843331010217014e+02 1.010501035751874639e+02
1.032049784008017070e+02 1.029215625944146950e+02
1.045999780723714139e+02 1.050253828844995780e+02
1.059357245373845302e+02 1.073652405393428069e+02
1.071680574554711569e+02 1.099385904453592531e+02
1.082430681904197769e+02 1.127335230879277077e+02
1.090986092644386076e+02 1.157259378254879465e+02
1.096685062093298342e+02 1.188768061600676447e+02
1.098917655516648608e+02 1.221284030104785643e+02
1.097263471336024168e+02 8.028248249311739926e+01
1.091635692096993324e+02 7.875063791446235939e+01
1.082354206507506262e+02 7.738164982723310459e+01
1.070092447797904782e+02 7.624841093989579122e+01
1.055709229494764116e+02 7.541473808953905689e+01
1.040045488946635146e+02 7.493164768604007975e+01
1.023769900649054421e+02 7.483354272079866121e+01
1.007320764875263421e+02 7.513302291687239176e+01
9.909414037361747774e+01 7.581647526591476094e+01
9.747600721268513269e+01 7.684525978444824545e+01
9.588648784778283130e+01 7.816266599876045973e+01
9.433479171449850753e+01 7.970207064135207986e+01
9.283243779396677553e+01 8.139221122819907350e+01
9.139373667912829546e+01 8.316014288374245211e+01
9.003542325228929144e+01 8.493458556048358332e+01
8.877532799596205848e+01 8.664961647608699025e+01
8.763079411025628929e+01 8.824762816454531844e+01
8.661693533139037982e+01 8.968111805684989690e+01
8.574463173815850325e+01 9.091389296514795149e+01
1.619345213465619793e+02 9.192212279120694518e+01
1.617187437322560868e+02 9.269528823115292937e+01
1.613700008951238374e+02 9.323660610525763559e+01
1.609395989139068490e+02 9.356163285668172591e+01
1.604591286427344983e+02 9.368691210582444739e+01
1.599431378888122595e+02 9.362036175746624167e+01
1.594007190525636872e+02 9.336780047009187911e+01
1.588400718631602331e+02 9.293751453987493960e+01
1.582687527411487451e+02 9.234254563150297201e+01
1.576921097929676421e+02 9.160303872141871295e+01
1.571107624625076369e+02 9.074853420580762986e+01
7.608677971428797093e+01 1.037498705024935504e+02
7.478853831638207339e+01 1.051800567182942387e+02
7.341165010619991449e+01 1.066473595369485565e+02
7.199768882573789597e+01 1.081325207260592691e+02
7.060555027941470030e+01 1.096136321438921186e+02
6.930542496769621152e+01 1.110675557513796008e+02
6.816873834711530833e+01 1.124704935143516593e+02
6.725970183641790356e+01 1.137973027149192262e+02
6.663483032233764902e+01 1.150201497479638704e+02
6.632939918125258316e+01 1.161074533013962338e+02
6.623309693734567816e+01 1.170515808022824586e+02
6.628313120835585437e+01 1.178535214604861210e+02
6.645161049795026997e+01 1.185088750195239555e+02
6.672111732355284630e+01 1.190105222514726506e+02
6.707937550404943750e+01 1.193502957165336511e+02
6.751799574961394512e+01 1.195207914069611519e+02
6.803083629535200316e+01 1.195170086032924672e+02
6.861210336923222997e+01 1.193372685916227312e+02
6.925537501579783850e+01 1.189832884752457574e+02
6.995478495252098128e+01 1.184598007639572046e+02
7.070729710756694431e+01 1.177742776497281341e+02
7.151432418509232036e+01 1.169368607814421352e+02
7.238186470752576440e+01 1.159604467928748761e+02
7.331930346450808145e+01 1.148606967493953306e+02
7.433697893669430812e+01 1.136559064070901428e+02
7.544251554713390817e+01 1.123670095690263224e+02
7.663780689609129126e+01 1.110174581094763795e+02
7.791761687271427661e+01 1.096328516677689464e+02
7.926977575550937161e+01 1.082401422670246518e+02
8.067623428721726953e+01 1.068666274350121626e+02
8.211429397256809182e+01 1.055388705488503120e+02
8.355803292360920409e+01 1.042814851313110154e+02
8.497941418782176015e+01 1.031162397926599539e+02
8.634955746411021948e+01 1.020615970374796149e+02
8.763988059261312458e+01 1.011328496420913154e+02
8.882332815065660725e+01 1.003432766864892187e+02
8.987515501433972531e+01 9.970531350249395075e+01
9.077345660987194265e+01 9.923139688331815478e+01
9.149949964377388767e+01 9.893420777558685586e+01
9.203817632387254832e+01 9.882630823074538284e+01
9.237884051493432480e+01 9.891932037747881168e+01
9.251629430746433513e+01 9.922310632957585597e+01
9.245173382606559187e+01 9.974514321977363807e+01
9.219307131908189490e+01 1.004903142135947007e+02
9.175465351767255129e+01 1.014613272377549293e+02
9.115608256481127114e+01 1.026597462327870289e+02
9.042054579512749513e+01 1.040872029201796067e+02
8.957299578107121363e+01 1.057465802650517759e+02
8.863882455507054203e+01 1.076427633271694617e+02
8.764294395397794801e+01 1.097818457675067805e+02
8.660904407645934100e+01 1.121692297780505783e+02
8.555852050917651752e+01 1.148072431925545231e+02
8.450969230482354533e+01 1.176941366583789090e+02
8.347785788237750637e+01 1.208237283067160774e+02
8.247607958086716451e+01 1.241856829223247161e+02
8.151625327832863377e+01 1.277660013754933175e+02
8.061032850461286614e+01 1.315476687957382183e+02
7.977134184903881930e+01 1.355111485054762568e+02
7.901400209396476271e+01 1.396342148291703325e+02
7.835485089594956776e+01 1.438903513372675604e+02
7.781173671255633906e+01 1.482455729756362928e+02
7.740258481653951605e+01 1.526540619679374515e+02
7.714358548678998773e+01 1.570527620231835897e+02
7.704693082545475136e+01 1.613533536322163400e+02
7.711866651770490932e+01 1.654245460329237858e+02
7.735809910066106454e+01 1.690448369598437068e+02
7.773479736478711288e+01 1.717744468267621301e+02
7.820925849720926237e+01 1.727078697614823568e+02
7.873860121908322185e+01 1.713053331530869912e+02
7.927357241191040771e+01 1.683738844965836279e+02
7.977381774068801690e+01 1.647590942060391512e+02
8.021014815066024539e+01 1.608565013294882249e+02
8.055997873293443945e+01 1.568412101818907161e+02
8.080934587255376300e+01 1.528046944408311560e+02
8.095433067698587593e+01 1.488029135538794492e+02
8.100102905542921405e+01 1.448730589239437165e+02
8.096394613286283004e+01 5.481693244465024861e+01
8.086361615762724853e+01 5.436184152199197683e+01
8.072708298969391194e+01 5.392626571536489166e+01
8.058053667702014877e+01 5.351422847733645227e+01
8.044426919676216414e+01 5.313562200582654071e+01
8.033295713033726315e+01 5.280277775409982866e+01
8.025939034851136000e+01 5.252607197367411374e+01
8.023718872304887384e+01 5.231211639252954626e+01
8.028323088614693859e+01 5.215990197771103709e+01
8.041501722751547732e+01 5.206127000200575594e+01
8.064552821321474596e+01 5.200802830838643587e+01
1.278416161234955410e+02 7.802700428831526835e+01
1.278945088643049388e+02 7.743592603904045291e+01
1.279940323036947945e+02 7.665624316953187645e+01
1.281231826232770743e+02 7.570612732437493264e+01
1.282544340150698190e+02 7.460928187057847083e+01
1.283508213662711910e+02 7.339337995940054782e+01
1.283680172199494791e+02 7.208832932871979438e+01
1.282569553028191933e+02 7.072496688589292546e+01
1.279659674375286329e+02 6.933478792501584564e+01
1.274424226059161498e+02 6.795018555157257367e+01
1.266347182710351831e+02 6.660449252351348548e+01
1.254954680449105240e+02 6.533136104704513514e+01
1.239858251114392829e+02 6.416364640180728429e+01
1.220801551418673370e+02 6.313219140174714994e+01
1.197705094675324915e+02 6.226459380597190574e+01
1.170701106145417612e+02 6.158376186259125973e+01
1.140154970859149159e+02 6.110590043798494975e+01
1.106663634985606706e+02 6.083801150643903810e+01
1.071020342080175141e+02 6.077558559290500284e+01
1.034133671834176056e+02 6.090236664295839830e+01
9.969183902001960007e+01 6.119179195647008385e+01
9.601795479159484614e+01 6.161032509967211723e+01
9.245313463523187636e+01 6.212107604432943475e+01
8.903625189714608723e+01 6.268668406031246576e+01
8.578445241063361948e+01 6.327118309946954611e+01
8.269681660172658155e+01 6.384147929158314838e+01
7.975970365860528943e+01 6.436860205712089567e+01
7.695320915907203130e+01 1.400229178130597347e+02
7.425744812181881116e+01 1.398059773775477481e+02
7.165802280319596207e+01 1.394283461055028397e+02
6.914935564339376128e+01 1.388858728103942610e+02
6.673513087620220574e+01 1.381765031410728000e+02
6.442650967812294027e+01 1.373002035209133567e+02
6.223922451404339284e+01 1.362582179862395719e+02
6.019050355324639412e+01 1.350516848147901783e+02
5.829697659317043446e+01 1.336802045443092481e+02
5.657282112796983142e+01 1.321403670241675457e+02
5.502933157039500855e+01 1.304248275179332950e+02
5.367512499522860736e+01 1.285222318091985301e+02
5.251652178229358015e+01 1.264182945958037436e+02
5.155775196329611987e+01 1.240990522640512381e+02
9.290265434050265014e+01 1.163116796982848626e+02
9.391428739235314538e+01 1.175691137971069509e+02
9.514852997628290154e+01 1.186857674023170972e+02
9.663427880206913301e+01 1.195758456547126229e+02
9.838127399055660760e+01 1.201647507471354572e+02
1.003817764116268165e+02 1.203977378729281469e+02
1.026162488643971358e+02 1.202405844745441783e+02
1.050579175330149155e+02 1.196753703753830820e+02
1.076736632931342683e+02 1.186955864644790495e+02
1.104214940751686385e+02 1.173033266424024390e+02
1.132456428181786379e+02 1.155111881540572654e+02
1.160717523687992241e+02 1.133502059189156057e+02
1.188081772072879545e+02 1.108815824860663497e+02
1.213597996508121781e+02 1.082020960369335825e+02
1.236509461322696666e+02 8.787521725935647510e+01
1.256425741442558888e+02 8.918438811526598897e+01
1.273316756052363985e+02 9.009343327725537165e+01
1.287372439369332255e+02 9.064418389525818043e+01
1.298837900659032130e+02 9.089552557931783383e+01
1.307891794791976281e+02 9.090811351259279149e+01
1.314568796649222406e+02 9.073245817050049311e+01
1.318741959016093119e+02 9.040071860807552184e+01
1.320185586337833001e+02 8.992539049992511480e+01
6.388198046748533443e+01 8.796844362124041083e+01
6.643585402859221745e+01 8.935792733973281088e+01
6.925751436122772020e+01 9.077846564217375658e+01
7.233045223721229888e+01 9.218781332664006811e+01
7.562469827971693803e+01 9.353855060635096663e+01
7.909840830451611282e+01 9.479110958561763312e+01
8.270102427163553216e+01 9.592611979374301256e+01
8.637657434861182537e+01 9.695067295102728622e+01
9.006623998034548606e+01 9.789584945715741071e+01
9.370870729427632284e+01 9.880787565437390185e+01
9.723845600237882536e+01 9.973750961304408236e+01
1.005846944379741217e+02 1.007315230272122477e+02
1.036748349791168806e+02 1.018276797960298126e+02
1.064421100529959574e+02 1.030531683610431344e+02
1.088339661199636481e+02 1.044257663643387701e+02
1.108176322323260337e+02 1.059564912800088052e+02
1.123813829657501628e+02 1.076522717934198852e+02
1.135320283739171430e+02 1.095180340439094806e+02
1.142906049221929123e+02 1.115578056446090329e+02
1.146874701842769753e+02 1.137751656823703996e+02
1.147579778308306544e+02 1.161731737962117847e+02
1.145389636455392122e+02 1.187533217166974140e+02
1.140658979045432488e+02 1.215132143757637380e+02
1.133710905701385485e+02 1.244429063157656259e+02
1.124834816337574352e+02 1.275205545807439051e+02
8.532192029072852790e+01 1.307079611103083607e+02
8.837989321774946916e+01 1.339470562007892624e+02
9.151762954051618237e+01 1.371583494452756042e+02
9.470369511705580123e+01 1.402423048067843467e+02
9.790023696284207233e+01 1.430842432758153677e+02
1.010692267266835387e+02 1.455624304860538416e+02
1.041781856803369521e+02 1.475590963012833470e+02
1.072036086436711457e+02 1.489740440273704394e+02
1.101314576598949486e+02 1.497398743861466244e+02
1.129554298984204763e+02 1.498338869363879269e+02
1.156742962835175916e+02 1.492806697381923016e+02
1.182896055659829528e+02 1.481420104034406791e+02
1.208039124491004372e+02 1.464989963346278614e+02
1.232193277640380416e+02 1.444343091196364526e+02
1.255360527990616077e+02 1.420207490386577263e+02
1.277508099604339122e+02 1.393166602358783734e+02
1.298555523740612614e+02 1.363662705099369248e+02
1.318366911318667860e+02 1.332025153403531021e+02
1.336749333894528888e+02 1.298511548526770412e+02
1.353456500470661581e+02 1.263354418337891474e+02
1.368195090056477454e+02 1.226811927394802666e+02
1.380631276248862775e+02 1.189212051734295557e+02
1.390398247497668933e+02 1.150982303569846010e+02
1.397105640448906456e+02 1.112654272391635999e+02
1.400355817297753731e+02 1.074837509536146740e+02
1.399775037638287927e+02 1.038172263137265077e+02
9.220083703871196690e+01 1.040193156365426006e+02
9.475326713684576418e+01 1.028990664683021095e+02
9.736294065136063125e+01 1.017606600147276481e+02
9.998972783737789882e+01 1.006461706900601030e+02
1.025813930695820346e+02 9.959062743276678020e+01
1.050778387696132938e+02 9.862184096718081605e+01
1.074173188367529690e+02 9.776096851192865245e+01
1.095425180339262710e+02 9.702397965028117710e+01
1.114045417230796460e+02 9.642365848056620337e+01
1.129642678353017260e+02 9.597147940512959963e+01
1.141919546720745018e+02 9.567819309898969493e+01
1.150656829445909608e+02 9.555342045122628747e+01
1.155697628103582701e+02 7.064953436489867045e+01
1.156933128060575342e+02 7.137543123680227097e+01
1.154293319477948359e+02 7.215223610591120007e+01
1.147738158956956482e+02 7.299206123305214078e+01
1.137251151227383019e+02 7.389699198787221235e+01
1.122869740110310914e+02 7.485660669875431950e+01
1.104789108551030949e+02 7.584894086117361667e+01
1.083477552494731668e+02 7.684731458693507022e+01
1.059697456235383299e+02 7.783229526621070704e+01
1.034389285178166347e+02 7.880127732222641157e+01
1.008479669202786937e+02 7.976894674001127328e+01
9.827308166575338078e+01 8.075805235931595405e+01
9.576878100508481850e+01 8.178637161540751777e+01
9.337083503597536094e+01 8.285675084516942945e+01
9.110138271234210094e+01 8.395465049299144766e+01
8.897202732892606036e+01 8.505212139076877520e+01
8.698561189151342887e+01 8.611551994918875153e+01
8.513897398099435065e+01 8.711477499111209966e+01
1.148540563845306224e+02 6.561777925909359510e+01
1.153764033300874559e+02 6.513332739874635990e+01
1.156814746421384825e+02 6.485875657983697806e+01
1.157668208657511570e+02 6.482080594153487141e+01
1.156423076199964584e+02 6.503206812509101553e+01
1.153287551792982697e+02 6.549366125281551376e+01
1.148548781499703324e+02 6.619783107713931258e+01
1.142531986828234665e+02 6.712819154985182024e+01
1.135563093187375472e+02 6.825739432852228106e+01
1.127943723363288200e+02 6.954758844672338114e+01
1.119933367621577531e+02 7.094566266500679319e+01
1.111734996503775506e+02 7.238936052660832843e+01
1.103492086329147384e+02 7.383324463466203724e+01
1.095346772666142954e+02 7.525942415932254903e+01
1.087430085920940286e+02 7.667275884609506420e+01
1.080043739684826818e+02 7.806796284768904570e+01
1.073752337976357580e+02 7.939757582521083634e+01
1.069468844555693323e+02 8.055856840634636740e+01
1.068649038447146609e+02 8.136834130474343851e+01
1.073198446036925873e+02 2.473572826121809598e+01
1.084419840257248353e+02 2.498001571171096913e+01
1.101655771399460662e+02 7.972256504752401440e+01
1.122756053883081222e+02 7.795970238252800755e+01
1.145639526000093724e+02 7.595651020008139653e+01
1.168947521468487167e+02 7.386380456625803959e+01
1.191923357105272743e+02 7.176218989739680865e+01
1.214210547525169233e+02 6.968593555001774575e+01
1.235726476447911892e+02 6.763853520192535029e+01
1.256514936919440686e+02 6.561350619215650681e+01
1.276619404291202642e+02 6.361075525936978892e+01
1.296062102868102102e+02 6.163954407975389671e+01
6.054888548690894368e+01 1.373421075925650143e+02
6.231212527433083892e+01 1.373657374918659571e+02
6.415353871451863199e+01 1.373936724988655556e+02
6.606341167678654358e+01 1.374218714867366202e+02
6.803635112904038351e+01 1.374391096452651198e+02
7.006911348547215823e+01 1.374288932739812310e+02
7.215649862128533698e+01 1.373692471830639192e+02
7.429082134298424478e+01 1.372310955428136481e+02
7.646026427972962836e+01 1.369755492638912813e+02
7.864728108271083329e+01 1.365538138247003133e+02
8.082790628275465394e+01 1.359165940308704705e+02
8.297083063684918613e+01 1.350245728785662607e+02
8.503785813827242634e+01 1.338575311500168823e+02
8.698626754830769414e+01 1.324185093458348774e+02
8.877235241860107351e+01 1.307326464290057118e+02
9.035514046594603599e+01 1.288422033056731948e+02
9.169924448835800490e+01 1.268001206621609214e+02
9.277666093718039519e+01 1.246639756523429412e+02
9.356761592176582099e+01 1.224911270794436575e+02
9.406037332816025298e+01 1.203352715791876619e+02
9.425062932400125248e+01 1.182439595912187826e+02
9.413998012289989958e+01 1.162571378888726201e+02
9.373437392374003707e+01 1.144061830660216970e+02
9.304221678669280493e+01 1.127136793753433466e+02
9.207309268850256956e+01 1.111934428285367602e+02
9.083671166843883782e+01 1.098509883030785090e+02
8.934283130493308533e+01 1.086841165621172109e+02
8.760189022955884752e+01 1.076835994126190883e+02
8.562649660845535493e+01 1.068340173792765455e+02
8.343327394285672938e+01 1.061149497438275944e+02
8.104444194018294922e+01 1.055026969107139792e+02
7.848872717187344961e+01 1.049723290655311700e+02
7.580100507853870795e+01 1.044999689904381199e+02
7.302067393903433867e+01 1.040650374494085924e+02
7.018921301495409182e+01 1.036518382109136240e+02
6.734703590515384519e+01 1.032501741097329244e+02
6.453046917673999872e+01 1.028547133809716314e+02
1.710592637405021037e+02 9.879318632114669185e+01
1.686882513125028709e+02 1.021008051740353153e+02
1.659305301735954288e+02 1.055613287199523995e+02
1.629167759224048098e+02 1.092000761410973126e+02
1.597046406105146730e+02 1.130463294223363135e+02
1.563225536536550351e+02 1.171278431722761297e+02
1.527911966980245779e+02 1.214651092775050216e+02
1.491341456194305408e+02 1.260661660038409906e+02
5.656501148018493552e+01 1.309223941329403544e+02
5.674643731012719172e+01 1.360053225214272743e+02
5.689210632770534914e+01 1.412653721532722386e+02
5.700306490455167108e+01 1.466328344624452313e+02
5.708587975137955084e+01 1.520200442774118983e+02
5.715382452169762928e+01 1.573210172162459628e+02
5.722542829493298200e+01 1.623972640705647450e+02
5.732058605193815026e+01 1.670201614328499886e+02
5.745573211605555741e+01 1.706834702159913775e+02
5.764155554290225325e+01 1.722694658397664398e+02
5.788442160993272978e+01 1.709760084134972828e+02
5.819067775103113149e+01 1.679272032066679117e+02
5.857182132660527429e+01 1.642788309702154663e+02
5.904593565870638372e+01 1.604813402371538302e+02
5.963281056414686532e+01 1.566858801534990278e+02
6.034732688508198351e+01 1.529439144662363503e+02
6.119735860062838384e+01 1.492691361543818118e+02
6.979733420874400451e+01 6.825876671193130107e+01
7.009192024741041394e+01 6.775493702037859123e+01
7.036339421511584646e+01 6.700453586999148570e+01
7.061444213552701399e+01 6.600648249667264622e+01
7.084227344887945321e+01 6.476620941610875093e+01
7.103788364259933985e+01 6.329655253205243781e+01
7.118642741254406303e+01 6.161956994594581261e+01
7.126902268248400674e+01 5.976872866578022325e+01
7.126535276276204911e+01 5.779041108989277120e+01
7.115743570491304126e+01 5.574382715626832407e+01
7.094246570752859782e+01 6.583273187751562716e+01
7.064536594053063823e+01 6.809736206776354095e+01
7.028453205851657515e+01 7.031377355887963176e+01
1.301768496067915919e+02 7.244101844545436109e+01
1.320537459043721356e+02 7.444292840730318517e+01
1.337314311919566876e+02 7.629157167386840399e+01
1.352031949310950552e+02 7.796926068220119532e+01
1.364733478232523680e+02 7.946926373511435315e+01
1.375540128574768630e+02 8.079571569462852665e+01
1.384600311619952038e+02 8.196236012668173032e+01
1.392032070393595120e+02 8.299073276775726526e+01
1.397874359256072410e+02 8.390838916996573005e+01
1.402069497751741380e+02 8.474673497659605914e+01
1.404488366344262431e+02 8.553891232940893019e+01
1.404995528457887133e+02 8.631686940825383658e+01
1.403532037214140757e+02 8.710753857875900508e+01
1.400184753006525966e+02 8.792910432421594180e+01
1.395203301392873811e+02 8.878878203851233764e+01
1.388961195377628712e+02 8.968311790621932289e+01
1.381883944112812515e+02 9.060070595076967948e+01
1.374378277269992736e+02 9.152616778882149617e+01
1.366785939134125272e+02 9.244388655176776126e+01
1.359365982481483002e+02 9.334060861865836500e+01
1.352299689273753813e+02 9.420678316061172097e+01
1.345707554917165965e+02 9.503680948051966482e+01
1.339668720339257391e+02 9.582837202268805754e+01
1.334236991178540563e+02 9.658128394123885130e+01
1.329444287062682122e+02 9.729649018960186879e+01
1.325297822655073503e+02 9.797531478578281394e+01
1.321773642419854298e+02 9.861915201167657585e+01
1.318812883653662311e+02 9.922905935790838328e+01
7.661096333108176282e+01 9.980523190429815372e+01
7.776193239279713509e+01 1.003465286324424852e+02
7.900198508776617246e+01 1.008502095497797910e+02
8.033017816160322866e+01 1.013118084111895172e+02
8.174280608776719248e+01 1.017255016791785351e+02
8.323348684253684837e+01 1.020847754811258881e+02
8.479256721095823934e+01 4.367249767367938063e+01
8.640551451803312943e+01 4.627221740249508031e+01
8.805094612846781388e+01 4.900685976707536895e+01
8.969924137959269217e+01 5.182013391389777723e+01
9.131304274673003363e+01 5.465187084007823870e+01
9.285056412749155186e+01 5.744402415147563090e+01
9.427094933668098520e+01 6.014670971371778307e+01
9.553983061291431511e+01 6.272262896391152509e+01
9.663351912097485297e+01 6.514920321551552718e+01
9.754172234247231188e+01 6.741875694300426858e+01
9.826709422411624928e+01 6.953686227794435126e+01
9.882278093928935903e+01 7.151965116410674739e+01
9.922756794751674647e+01 1.019254351514479850e+02
9.950619244450865608e+01 1.016780525827771413e+02
9.967874005977915886e+01 1.014643329245769365e+02
9.976663303200596999e+01 1.013037079320431815e+02
9.979573664520714260e+01 1.012115106710439392e+02
9.979294855809941112e+01 1.011975005433623664e+02
9.978203254496065711e+01 1.012653127851904031e+02
9.978128617539690026e+01 1.014123584985876647e+02
1.242601717783778099e+02 1.016299921836203737e+02
1.237777839926339425e+02 1.019040006817222803e+02
1.232605004711670489e+02 1.022149184444420769e+02
1.226965594836712654e+02 1.025380620859184546e+02
1.220663866310730867e+02 1.028446736681790838e+02
1.213417900618952103e+02 1.031054455295541459e+02
1.204848934156123619e+02 1.032968270315589336e+02
1.194485372480162084e+02 1.034076046426524584e+02
1.181800072567317841e+02 1.034418832602160307e+02
1.166316034996355029e+02 1.034142030674518651e+02
1.147817799519876729e+02 1.033359585016549715e+02
1.126582201658889772e+02 1.032031509177795527e+02
1.103402103086470731e+02 1.029999911458922242e+02
1.079305404150241969e+02 1.027166709402928717e+02
1.055178222947485125e+02 1.023629082822829588e+02
1.031561914355281857e+02 1.019666488641128694e+02
1.008667742734805728e+02 1.015625262072544359e+02
9.865034952577175886e+01 1.011782177633803599e+02
9.650195367049347794e+01 1.008262339891948756e+02
9.441823233819656025e+01 1.005054649004489562e+02
9.240115597474577669e+01 1.001983180727890783e+02
9.045872973685703755e+01 9.989610343753820132e+01
8.859888822224222338e+01 9.959371179157471943e+01
8.682835452022035838e+01 1.130014536083038763e+02
4.864276336491334973e+01 9.334950031482168242e+01
4.848830466884353285e+01 9.350546917214231257e+01
4.847574194899665656e+01 9.356436761021919324e+01
4.859766548976730860e+01 9.351952145506291458e+01
4.884339529654639023e+01 9.336406384418147297e+01
4.920023716342827669e+01 9.309023281152622076e+01
6.274202547003888242e+01 9.268937616396353008e+01
6.215462984990018924e+01 9.215228515074655036e+01
6.166584284391755233e+01 9.147075250756324749e+01
6.127675807696715538e+01 9.064045062074671932e+01
6.098921349523454438e+01 8.966545455659682773e+01
6.080685290589360648e+01 8.856244924046130507e+01
6.073556097653764851e+01 8.736209048554270851e+01
6.078318464323655235e+01 8.610463634111737008e+01
6.095818765277524420e+01 8.483190859813473139e+01
6.126818681894020813e+01 8.357955167568431420e+01
6.171970780960448621e+01 8.237240457447320807e+01
6.231868668838301062e+01 8.122413965957832716e+01
6.307240751744288332e+01 8.013810423564147811e+01
6.399119056366253488e+01 7.910858674692045156e+01
6.508867750641805117e+01 7.812230674639545214e+01
6.638008551425346582e+01 7.716188994079311669e+01
6.787886998275162398e+01 7.621070066518426245e+01
6.959316849800565308e+01 7.525822654335070183e+01
7.152451492191043769e+01 7.430267448878829839e+01
7.366946923769437205e+01 7.335007042561340995e+01
7.602182255153591939e+01 7.241235790014560791e+01
7.857423594152155033e+01 7.150588377464222845e+01
8.051309731578577100e+01 1.365482642053710265e+02
8.059476222700783410e+01 1.362681797937753458e+02
8.062522448050108892e+01 1.359544074459751357e+02
8.058945833134994530e+01 1.356229296862453566e+02
8.047134853186503278e+01 1.352873103974574747e+02
8.025411728902838604e+01 1.349559217076460698e+02
7.992224680428205374e+01 1.346304732738824725e+02
7.946569733337037178e+01 1.343065067790210492e+02
7.888557446114101879e+01 1.339759505872974330e+02
7.819858890893173964e+01 1.336304797172688836e+02
7.743705227273306946e+01 1.332639901000958957e+02
7.664263009724088249e+01 1.328729230075611838e+02
7.585657235202886284e+01 1.324548848226644679e+02
7.511095192568627965e+01 1.320062655578670388e+02
7.442373040756299929e+01 1.315204689515927896e+02
7.379762938638914704e+01 1.309871829401394621e+02
1.413087240578383046e+02 7.600117893290742188e+01
1.448961667672506621e+02 7.757811906433694560e+01
1.483855714334247580e+02 7.921556374460254801e+01
1.517822071263294958e+02 8.089259817706243894e+01
1.551030724176897309e+02 8.258939816729709094e+01
1.583631086189385542e+02 8.428781983378412690e+01
1.615818025854570692e+02 8.597472904460086340e+01
1.648076580036586734e+02 8.764711900435602843e+01
1.680898456284762119e+02 8.929492327548356911e+01
1.714229506572888511e+02 9.088610151157702433e+01
1.746914626457780173e+02 7.982370822797376775e+01
1.771820357622440270e+02 8.049324922200770516e+01
1.761905285554327918e+02 8.111499355724824056e+01
1.730227483136420119e+02 8.166712719111907859e+01
8.295316461789357732e+01 8.212746537386377099e+01
8.613348842507286918e+01 8.247542390570777115e+01
8.926209807656391604e+01 8.269316974949879295e+01
9.229838165575905862e+01 8.276558172276932623e+01
9.520550578871973357e+01 8.267924111011382138e+01
9.795425881946556501e+01 8.242096850474729308e+01
1.005265919001992216e+02 8.197740898600095250e+01
1.029171148398797726e+02 8.133601387221138168e+01
1.051302916298066208e+02 8.048599870071517159e+01
1.071739649008208346e+02 7.941883621475051314e+01
1.090515796598958502e+02 7.813125059685319229e+01
1.107594084433284252e+02 7.663018976130886983e+01
1.122878540258550544e+02 7.493695973726637760e+01
1.136244655976440612e+02 7.308860215515180414e+01
1.147574959580261265e+02 7.113612024921302179e+01
1.156793198962432427e+02 6.914018843468616637e+01
1.163895817194305948e+02 6.716526141797224625e+01
1.168971987649156290e+02 6.527291039883893120e+01
1.172211555434962804e+02 6.351567211128990209e+01
5.601006814312232507e+01 1.231144028230391854e+02
5.892163730174760161e+01 1.256441769834387685e+02
6.195896267808898727e+01 1.278741099896262057e+02
6.515617056656867589e+01 1.297473963988494177e+02
6.854017760092605727e+01 1.312041835693255223e+02
7.211313937959376119e+01 1.321894708691438325e+02
7.584849851889070749e+01 1.326620088361902106e+02
7.969643520051987196e+01 1.326059283637770250e+02
8.359171722247329228e+01 1.320421161012972675e+02
8.746197854521747672e+01 1.310322478718634045e+02
9.123593678400419549e+01 1.296719822674614306e+02
9.485008738676920359e+01 1.280760015218675676e+02
9.825318634102931981e+01 1.263611271265717875e+02
1.014078853629571171e+02 1.246330608695376156e+02
1.042900767201158061e+02 1.229788793345204851e+02
1.068867545333323932e+02 1.074670602454780521e+02
1.091935421489177855e+02 1.062318091327062461e+02
1.112128667180259356e+02 1.049834891130356738e+02
1.129529888275660880e+02 1.037236010970063802e+02
1.144274929107694732e+02 1.024539086010090188e+02
1.156546212755487062e+02 1.011779497470181184e+02
1.166558112880695717e+02 9.990123607311207365e+01
1.174531518318644174e+02 9.863035757085272337e+01
1.180659169340536891e+02 9.737172582045791103e+01
1.185084737281577389e+02 9.613113283368964801e+01
1.187913828839002974e+02 9.491348499676648487e+01
1.189222963453336348e+02 9.372235243236781344e+01
1.189074049132012192e+02 9.256053777624136103e+01
1.187547461835752358e+02 9.143202100209391858e+01
1.184770770254728660e+02 9.034376117993100763e+01
1.180922510792835993e+02 8.930606727404298795e+01
1.176225968566536437e+02 8.833181044597563414e+01
1.170940873257628851e+02 8.743492967594542620e+01
1.165345894095925701e+02 8.662790388795063734e+01
1.159720175721399045e+02 8.591908197988625773e+01
1.154317716434651970e+02 8.530984685356916941e+01
1.149344202852283274e+02 8.479233123403807326e+01
1.144935625184707817e+02 8.434805361851582006e+01
1.141144499675367996e+02 8.394837915643920212e+01
1.137934495978948348e+02 8.355682224573749295e+01
1.135182244614485541e+02 8.313293452024667829e+01
1.132687591194162451e+02 8.263686906193491666e+01
1.130198625171121876e+02 8.203362680005946572e+01
1.127450379469375861e+02 8.129611812841655194e+01
1.124213108525313203e+02 8.040690342082996267e+01
1.120339196303092706e+02 7.935901382938770610e+01
1.115800246873761807e+02 7.815657048521846662e+01
1.110704712223234480e+02 7.681534649094236045e+01
1.105297484611105432e+02 7.536290208891482223e+01
1.099932986077408685e+02 7.383718294766507029e+01
1.095028231649975083e+02 7.228301809657421018e+01
1.090999605154036658e+02 7.074640388015340875e+01
1.088200886704085946e+02 6.926801857820089481e+01
1.086874797665658718e+02 6.787731850861959515e+01
1.087132952612905541e+02 6.658920570599190114e+01
1.088959693342064270e+02 6.540412883422945356e+01
1.092234069895276178e+02 6.431060017995503131e+01
1.096767768099208524e+02 6.329013812988993948e+01
1.102354331736689943e+02 6.232314965854494204e+01
1.108812588956798919e+02 6.139249207021382659e+01
1.116011363431456829e+02 6.048507965801751141e+01
1.123869088687180238e+02 5.959222147718561757e+01
1.132338211707766504e+02 5.870963463737640353e+01
1.141391588899166152e+02 5.783684180322880053e+01
1.151014947772314798e+02 5.697627116324938612e+01
1.161204575034893907e+02 5.613258328698617561e+01
1.171966504236884816e+02 5.531209180386661473e+01
1.183316488783279112e+02 5.452250554614232669e+01
1.195280152121506916e+02 5.377285324862413773e+01
1.207893816214722023e+02 5.307337176460363537e+01
1.221205976575853072e+02 5.243550117293661117e+01
1.235278578240837817e+02 5.187191540465818917e+01
1.250187299893784996e+02 5.139670478742102944e+01
1.266019761211920951e+02 5.102570776452207468e+01
1.282874283071070352e+02 5.077684071640111796e+01
1.300859807058232889e+02 5.067037454001886942e+01
1.320097546051044333e+02 5.072904825745055746e+01
1.340723274423789917e+02 5.097778282700334529e+01
1.362888350724582835e+02 5.144312486717591071e+01
1.386755977074863608e+02 5.215184099488151759e+01
1.412490299587624349e+02 5.312852096010782788e+01
1.440237011966574698e+02 5.439194447887838635e+01
1.470093041543100014e+02 5.594989970116120759e+01
1.502080174004916273e+02 5.779513681075146536e+01
1.536133940065631123e+02 5.990427143316499325e+01
1.572107671283727655e+02 6.223964550207530522e+01
1.609782272749060610e+02 6.475366539133437982e+01
1.648862371071566315e+02 6.739415954381189522e+01
1.688903438949986082e+02 7.011056582645147728e+01
1.728856444868662550e+02 7.285943557758822919e+01
1.763355382365764683e+02 7.560779069668959096e+01
1.761043419168556454e+02 7.833389226018050522e+01
1.723011384385252995e+02 8.102636424071688737e+01
1.677781386817486577e+02 8.368247035648315091e+01
1.629896716153581053e+02 8.630576277588981782e+01
1.580212517578631832e+02 8.890346889489126170e+01
1.529083297378740269e+02 9.148311476903521111e+01
1.476810338295546785e+02 9.404862519868552795e+01
1.423742278308850757e+02 9.659674689163097128e+01
1.370290512922476296e+02 9.911503213783410615e+01
1.316909350815161872e+02 1.015818014244722889e+02
1.264061629295186151e+02 1.039679339478691702e+02
1.212183825733645506e+02 1.062399449419724249e+02
1.161662063228447295e+02 1.083635897801002272e+02
1.185904745269517520e+02 7.167726494588941932e+01
1.201160715812408171e+02 7.288801184833549485e+01
1.213783775187560536e+02 7.419592371001698439e+01
8.012934192602099870e+01 7.562573595961559647e+01
8.311009200308319578e+01 7.720814381128202797e+01
8.605409572723726797e+01 7.897689175666066319e+01
8.890873756031115249e+01 8.096057041434701773e+01
9.162502929695953924e+01 8.317908287480338458e+01
9.415489607213440593e+01 8.564493802311848469e+01
9.645254728765533514e+01 8.835978345240633303e+01
9.847638355320927417e+01 9.130630288626629465e+01
1.001917109754282507e+02 9.444022082248186223e+01
1.015752621824784825e+02 9.768743975071301122e+01
1.026201815808426119e+02 1.009502489509569756e+02
1.033381160584468290e+02 1.041225168775233669e+02
1.037553945451279844e+02 1.071080376760789221e+02
1.039050277195539280e+02 1.098342035368721810e+02
1.038196619383224260e+02 1.122570695955454596e+02
1.035287423106725555e+02 1.143595830442171177e+02
1.030597865745827875e+02 1.161463374889039954e+02
1.024400159056608288e+02 1.176367905020235725e+02
1.016948493959623647e+02 1.188585742482819114e+02
1.008447249146139342e+02 1.198429306289176282e+02
9.990308189955831608e+01 1.206231527698153201e+02
9.887643704664206723e+01 1.212330527335762298e+02
9.776700545229533645e+01 1.217032006716528940e+02
9.657578122148751731e+01 1.220679394247268021e+02
9.530888576478669449e+01 1.223549391950183889e+02
9.397769682619163234e+01 1.225680865828488777e+02
9.259478995746233920e+01 1.227018971836908463e+02
9.117127812607023429e+01 1.227505316122637566e+02
8.971585638401128904e+01 1.227119283382768629e+02
1.638568560912489716e+02 4.605349204610044467e+01
1.659226432749573803e+02 4.762305451266023226e+01
1.674651216172993031e+02 4.921189410407104248e+01
1.682743880148797189e+02 5.081664099215415575e+01
1.682097182387529699e+02 5.242836479724800824e+01
1.673085003319817474e+02 5.403292459490545241e+01
1.657636046098290876e+02 5.561412538055101606e+01
1.638010117858572698e+02 5.715695858416219721e+01
1.616019878881382681e+02 5.864980529709385593e+01
1.592923680310552186e+02 6.008610584826325152e+01
1.569550992574499446e+02 6.146556345544245659e+01
1.546430586811757735e+02 6.279420876860505274e+01
9.105359492928543830e+01 6.408106189362185034e+01
9.127639546100637347e+01 6.533682179665346723e+01
9.137690200250123951e+01 6.657386226481688141e+01
9.136383891598867990e+01 6.780470355064879584e+01
9.124399614137523429e+01 6.904079768000350725e+01
9.102252876116061486e+01 7.029188018571045404e+01
9.070423773511356558e+01 7.156461147396764488e+01
9.029454863441002033e+01 7.286200441550067808e+01
8.980024008917185085e+01 7.418316717530697701e+01
8.922904525413066779e+01 7.552416312788976427e+01
8.858881175347148940e+01 7.688004057396901203e+01
8.788605657802345661e+01 7.824764897627849791e+01
8.712419701701701058e+01 7.962767616458167197e+01
8.630452719289645813e+01 8.953790161801939007e+01
8.543008064295362658e+01 8.891661384422538106e+01
8.450097111582182663e+01 8.821198339842725034e+01
8.351417740036022508e+01 8.740492293219261910e+01
8.246733695269431053e+01 8.648765568977032103e+01
1.245175766741535455e+02 8.546832994254872062e+01
1.237056447302575037e+02 8.437180615257931038e+01
1.229372552381966415e+02 8.323508064659630179e+01
1.222181390197851556e+02 8.209990560581142915e+01
1.215528877982344369e+02 8.100710780842450731e+01
1.209379804547089066e+02 7.999488091683362256e+01
1.203580295918746685e+02 7.909994694062973508e+01
1.197866291923205466e+02 7.835934497000359045e+01
1.191925148040177618e+02 7.781013110568858338e+01
1.185497058445712923e+02 7.748445503572044402e+01
1.178486393481095007e+02 7.739948443164988134e+01
1.171010507808749281e+02 7.754756244506910434e+01
1.163342523288623340e+02 7.789470794108494545e+01
1.072833453166952324e+02 7.592005972022745652e+01
1.082353820484182023e+02 7.631569745369341717e+01
1.090965520297113898e+02 7.682473859475267375e+01
1.099009807910803431e+02 7.745145466706647142e+01
1.106742119493377032e+02 7.820488742680873884e+01
1.114339531617604564e+02 7.909708975569796507e+01
1.121923695024806591e+02 8.014011628444370672e+01
1.129585284610023166e+02 8.134271572466028033e+01
1.137401083401747712e+02 8.270725982820667355e+01
7.129516340875187552e+01 8.422718189343686390e+01
7.198065978819741417e+01 8.588526113359142755e+01
7.280624873481178838e+01 8.765317055313785488e+01
7.377984450742745537e+01 8.949268563555189360e+01
7.490461645578021432e+01 9.135892078866150712e+01
7.617854043988485557e+01 9.320512573116802457e+01
7.759467182155279374e+01 9.498817233421262074e+01
7.914232232131706724e+01 9.667354100938949557e+01
8.080949707470453802e+01 9.823811853188936993e+01
8.258650772163952070e+01 9.967018898138051952e+01
8.446703329147803174e+01 1.009676588136974118e+02
8.644573052350872899e+01 1.021358253120331483e+02
8.851664613038377638e+01 1.031839650352041389e+02
9.067229141090585642e+01 1.041223392600868749e+02
9.290313057208061309e+01 1.049599977975652365e+02
9.519664430395008026e+01 1.057041020761942463e+02
9.753644080405356931e+01 1.063601893538172050e+02
9.990169546421239488e+01 1.069329760176561734e+02
1.022674947055931085e+02 1.074271564855640548e+02
1.046062210571542437e+02 1.078481001911105039e+02
1.068900178323665102e+02 1.082021091193760185e+02
1.090937918879736230e+02 1.084963203744758573e+02
1.111981240054115716e+02 1.087382266285805912e+02
1.131914507393060347e+02 1.089349355548878577e+02
1.150708803704753507e+02 1.090922353716585462e+02
1.168417207421750987e+02 1.092134949682451861e+02
1.185159424208635812e+02 1.092986376272431102e+02
1.201094486340258243e+02 1.093438100799804573e+02
1.216376144360797866e+02 1.093429249124777982e+02
1.231105257974237190e+02 1.092899121794387867e+02
1.245335217252272741e+02 1.091786186895534740e+02
1.259089740513967115e+02 1.090023383694813788e+02
1.272371948713546601e+02 1.087532639173295621e+02
1.285171568283766135e+02 1.084216704037793164e+02
9.529674471413559900e+01 1.079943005718100437e+02
9.560194327018301408e+01 1.074528784688658050e+02
9.552339516475791470e+01 1.067751585783425554e+02
9.506687705002975974e+01 7.209683505698168915e+01
9.426291788473841393e+01 7.199969317243881051e+01
9.316204229657984115e+01 7.175439217490914245e+01
9.183067023489471126e+01 7.134768130220221849e+01
9.034624598644084870e+01 7.078035773926792729e+01
8.878939108906172351e+01 7.006543532040288369e+01
8.723515725240969232e+01 6.922337893001459008e+01
8.574627331628400384e+01 6.827687826974079144e+01
8.437064371171429400e+01 6.724722289870837244e+01
8.314234316646417255e+01 6.615303318114459330e+01
8.208421331615122085e+01 6.501085447310251197e+01
8.121041540023480820e+01 6.383665453580648119e+01
8.052829675160975853e+01 6.264792046652275559e+01
8.003961800580495378e+01 6.146572466970530968e+01
7.974114045793753291e+01 6.031650873687048886e+01
7.962525149815228076e+01 5.923259136844533401e+01
7.968096043341144252e+01 5.825096525542411285e+01
7.989460385181519086e+01 5.741072428821193085e+01
8.025057270203762982e+01 5.675001236707134211e+01
8.073204702522131981e+01 5.630285235296233992e+01
8.132194997185482066e+01 5.609623728266903697e+01
8.200373182267054517e+01 5.614730006332621315e+01
8.276192961274104221e+01 5.646091222807930876e+01
8.358250726527883501e+01 5.702785856083544047e+01
8.445298130395575242e+01 5.782396251839993795e+01
8.536264214478683243e+01 5.881173735075676490e+01
8.630298368850384350e+01 5.994377372864870068e+01
8.726822287905176267e+01 6.116753608239411477e+01
8.825577443423685509e+01 6.243032710421161369e+01
8.926632337201412781e+01 6.368346170897574154e+01
9.030337379363692207e+01 6.488535584485862273e+01
9.137263176130474562e+01 6.600382018726048727e+01
9.248101202568265933e+01 7.658896526360707924e+01
9.363550435511264425e+01 7.439337729913025044e+01
9.484150068936376954e+01 7.225895189980566613e+01
9.610102735001508734e+01 7.017124123756400422e+01
9.741113453725154159e+01 6.812324658834020852e+01
9.876301909444839566e+01 6.611656567416147823e+01
1.001419338102831915e+02 6.416069223990245973e+01
1.015278370863674553e+02 6.227122887932136308e+01
1.028968227927580017e+02 6.046757303932886884e+01
1.042227498043596086e+02 5.877029538556246280e+01
1.054792046267470198e+02 5.719832918166654423e+01
1.066412374870601383e+02 5.576690572732975681e+01
1.076870107678807642e+02 5.448636367769775291e+01
1.085990053945483993e+02 5.336199523285107915e+01
1.093648008364592101e+02 5.239384898830557802e+01
1.099768181849835145e+02 5.157761495392770712e+01
1.104319619093162714e+02 5.090558025956936206e+01
1.107309544300330657e+02 5.036813322167858331e+01
1.108787187043331386e+02 4.995414645091357642e+01
1.108847311173447423e+02 4.965152885951962247e+01
