# [[2, 4], [2, 5]]
1.929358500000000198e+00 1.929359999999999964e+00
1.929358500000024401e+00 1.929359845651200001e+00
1.929358461412988168e+00 1.929359807064000121e+00
1.929358422826040753e+00 1.929359729889600583e+00
1.929358345652435691e+00 1.929359961412801860e+00
1.929358307066160627e+00 1.929359768476811121e+00
1.929358152719107267e+00 1.929359421192037516e+00
1.929357921201903192e+00 1.929357916291371877e+00
1.929357419590975731e+00 1.929354018984741348e+00
1.929356339245855256e+00 1.929344835234018118e+00
1.929353947237461897e+00 1.929323149240649293e+00
1.929348624066565154e+00 1.929274259316777540e+00
1.929336632307171451e+00 1.929164363230780666e+00
1.929309702421232231e+00 1.928916904670831656e+00
1.929249172176247695e+00 1.928359440532762648e+00
1.929113650322575646e+00 1.927105533898500367e+00
1.928811313437539532e+00 1.924287074164638955e+00
1.928151935167252473e+00 1.918034325003902474e+00
1.926811583044884868e+00 1.905010525273804545e+00
1.924502365229637579e+00 1.882539373872594402e+00
1.920917396053893444e+00 1.849218035883288591e+00
1.915639143530402988e+00 1.803878114431890944e+00
1.908876606334310555e+00 1.746820469329679826e+00
1.901150806969042595e+00 1.679325968490958942e+00
1.893218674290928716e+00 1.603826007602475512e+00
1.885922516415149852e+00 1.524182027741069367e+00
1.879970383893929897e+00 1.446076628266680153e+00
1.875679009529714447e+00 1.377328576873545929e+00
1.872763192689470557e+00 1.327478035904310794e+00
1.870391274590301078e+00 1.305596991177684574e+00
1.867645417424142584e+00 1.316548927849547468e+00
1.864094559062805079e+00 1.358582069860302832e+00
1.859954450255264735e+00 1.424670897641844292e+00
1.855750294864295880e+00 1.506260718438707569e+00
1.851895337897014437e+00 1.596221886505310161e+00
1.848500690148229042e+00 1.689788489058760446e+00
1.845396113120397530e+00 1.784217372239841337e+00
1.842233172795840979e+00 1.877921989676314851e+00
1.838553649003744850e+00 1.969710573809676513e+00
1.833827631657160895e+00 1.963620935838624737e+00
1.827526559882465262e+00 1.912109036825656583e+00
1.819215669158405602e+00 1.870128094889421666e+00
1.808630791027674212e+00 1.838708965681408625e+00
1.795728326318558610e+00 1.818408703220410150e+00
1.780695804884975697e+00 1.809335655040882562e+00
1.763932624067315436e+00 1.811273362090477290e+00
1.746001672323956644e+00 1.823752813771721826e+00
1.727646939136358029e+00 1.846113162833756594e+00
1.709777258897809293e+00 1.877494229606510245e+00
1.693441356228637895e+00 1.916879940195626020e+00
1.679765022797226282e+00 1.963159051846903980e+00
1.669865579373269071e+00 2.015182778435178790e+00
1.664762333181223797e+00 2.071814752453057906e+00
1.665307979389746729e+00 2.131973923992052988e+00
1.672157514476950935e+00 2.194669756982928099e+00
1.685756142323649787e+00 2.259023759158761191e+00
1.706331212747559611e+00 2.324265879142032087e+00
1.733883851717839208e+00 2.389718948287342215e+00
1.768194374915015521e+00 2.454792228778353458e+00
1.808844180538427882e+00 2.483114801531101534e+00
1.855260611787560077e+00 2.448193616422710939e+00
1.906773996900883228e+00 2.416632262078914906e+00
1.962643949231333673e+00 2.387813664517689727e+00
2.022089075908984679e+00 2.361080878611520273e+00
2.084320291208377807e+00 2.335751518362880752e+00
2.117630349573236259e+00 2.311130873185344825e+00
2.078126540759273055e+00 2.286532299617769493e+00
2.039264345334823592e+00 2.261317682004890806e+00
2.001647430292023078e+00 2.234935386231010845e+00
1.965904728599082940e+00 2.206963291702236152e+00
1.932649628739026682e+00 2.177140459588311039e+00
1.902444145144249754e+00 2.145384121648686637e+00
1.875773675947504326e+00 2.111781880854116888e+00
1.853021875181933176e+00 2.076555384761740175e+00
1.834449651190949826e+00 2.039989535802710918e+00
1.820177477884593165e+00 2.002373712179115639e+00
1.810206596555008485e+00 1.963997707493080114e+00
1.804469097970577973e+00 1.925168353313478464e+00
1.802858492155760439e+00 1.886179117365847979e+00
1.805204028515207115e+00 1.847255279340100698e+00
1.811212103443801125e+00 1.808504770074503831e+00
1.820462542013955298e+00 1.769958516280728977e+00
1.832579980178932200e+00 1.731751167696715443e+00
1.847377900144657081e+00 1.694268572187060728e+00
1.864780163350065578e+00 1.658111336498866439e+00
1.884714923008501852e+00 1.624043404286986458e+00
1.907043967783676131e+00 1.592973075001194561e+00
1.931517307233613368e+00 1.565920450752805282e+00
1.957735920722273759e+00 1.543960959140378453e+00
1.985127340037147414e+00 1.528111562732431317e+00
2.012947156101169366e+00 1.519191280808465772e+00
2.040311529892562703e+00 1.517674731780255692e+00
2.066248819476686815e+00 1.523588126834663159e+00
2.089744229361524930e+00 1.536486899307868415e+00
2.109791066155776385e+00 1.555525771883050412e+00
2.108086457234707112e+00 1.579629936731669737e+00
2.085984473189259170e+00 1.607580238146271157e+00
2.068095582877744310e+00 1.638096122262632903e+00
2.054336231064362472e+00 1.669984073925322221e+00
2.044656917211059355e+00 1.702193005070760989e+00
2.039046585617926066e+00 1.733842610914567040e+00
2.037488026400033903e+00 1.764246593441492816e+00
2.039942180930752968e+00 1.792894921105581574e+00
2.046305416615152417e+00 1.819454269734559038e+00
2.056422950239125580e+00 1.843726605868519997e+00
2.070093119972907569e+00 1.865618224712152440e+00
2.050034574503163842e+00 1.885097497865707572e+00
2.027809876801027311e+00 1.902162451341566252e+00
2.004523038602911811e+00 1.916841173573697432e+00
1.980503993516802952e+00 1.929185595162256961e+00
1.955985704625928578e+00 1.939261705866291541e+00
1.931021494434923547e+00 1.947147572294212869e+00
1.905421033495084071e+00 1.952928985333414857e+00
1.878696578691567476e+00 1.956689649518621898e+00
1.850103297206597608e+00 1.958513656203530573e+00
1.818758665764893312e+00 1.958541527612501332e+00
1.784200030083806787e+00 1.957093733906409838e+00
1.746474353403445257e+00 1.954544090108829346e+00
1.706150426604085890e+00 1.951228107293467184e+00
1.664306162991133098e+00 1.947400827927906031e+00
1.622500379363470691e+00 1.943209211012783877e+00
1.582723317264232987e+00 1.938677806887512567e+00
1.547308917886580204e+00 1.933708003368098671e+00
1.518768077608510403e+00 1.928098951525205162e+00
1.499531879577451710e+00 1.921595750149559745e+00
1.491594950582884938e+00 1.913959808090579084e+00
1.496149543981253771e+00 1.905058379737191165e+00
1.513351932886926932e+00 1.894939338078969859e+00
1.542316103173102526e+00 1.883860152423382450e+00
1.581357570136898705e+00 1.872253307300692615e+00
1.628343749116905492e+00 1.860647978126527047e+00
1.681028770100894576e+00 1.849586268052610061e+00
1.737307228166996786e+00 1.839558802403289617e+00
1.795361050759330501e+00 1.830970789510704133e+00
1.853725801625438319e+00 1.824122101531518103e+00
1.911295417047863099e+00 1.819199989502835235e+00
1.967290399219920438e+00 1.816277983631802373e+00
2.021204393037487890e+00 1.815327919557381708e+00
2.072748488504307485e+00 1.816236361624168572e+00
2.121795364821238650e+00 1.818823034776264835e+00
2.168330970585258033e+00 1.822857124525390615e+00
2.212415618965242192e+00 1.828072839213411793e+00
2.254150936338586320e+00 1.834184027393659155e+00
2.293649382544270310e+00 1.840892572224064105e+00
2.331012614280855821e+00 1.847890412670700311e+00
2.366317647334068575e+00 1.854862085915831127e+00
2.399620990053370484e+00 1.861490828527397889e+00
2.430972557973211323e+00 1.867475396454281622e+00
2.460434814247015378e+00 1.872551570693137490e+00
2.483057193360250547e+00 1.876511488736814615e+00
2.411981115744324722e+00 1.879210875521124313e+00
2.337725559160190869e+00 1.880568698341807066e+00
2.260324261919920641e+00 1.880558408463514297e+00
2.179830725217238641e+00 1.879197526717194977e+00
2.096346530307386935e+00 1.876533131708989721e+00
2.010073624868722320e+00 1.872623804104768253e+00
1.921401045985439149e+00 1.867519756698708067e+00
1.831029771632741943e+00 1.861252674006642849e+00
1.740146421334747062e+00 1.853835433314089620e+00
1.650654896709452535e+00 1.845261852752673848e+00
1.565483834332681790e+00 1.835484643022831763e+00
1.488888058541495196e+00 1.824382194147172287e+00
1.426512203497194875e+00 1.811733916352769036e+00
1.384803239267397457e+00 1.797257591340466032e+00
1.369364745733929967e+00 1.780772575015311832e+00
1.382679992075225961e+00 1.762434379736941503e+00
1.422824194191772751e+00 1.742841290249321107e+00
1.484339509491557019e+00 1.722880671875930414e+00
1.560438492760986007e+00 1.703458228854374035e+00
1.644803630218873547e+00 1.685312024768784722e+00
1.732340506999296759e+00 1.668971208561684794e+00
1.819243147938540917e+00 1.654803053259238377e+00
1.902769419623558278e+00 1.643098319779902727e+00
1.980954608808732420e+00 1.634163172912100226e+00
1.932649021528328293e+00 1.628364932768717965e+00
1.874446841529880059e+00 1.626101397856752673e+00
1.823601813350675949e+00 1.627710866652770871e+00
1.780648771115744378e+00 1.633379647377809052e+00
1.746297320039187140e+00 1.643090808158727878e+00
1.720999322082041649e+00 1.656423552094405949e+00
1.704627480735042777e+00 1.672524885486609048e+00
1.697231706623701486e+00 1.690646032400046961e+00
1.698134274952690426e+00 1.710433022790985635e+00
1.704726358119044383e+00 1.732795927873204800e+00
1.713895931693900643e+00 1.759428967336017502e+00
1.724737297856967055e+00 1.790698023490449931e+00
1.737008199886409532e+00 1.826615551370717405e+00
1.750564213577363581e+00 1.867246328299655200e+00
1.765348056031593504e+00 1.912630417253721182e+00
1.781367718829956370e+00 1.962738799234084563e+00
1.798672289624213771e+00 2.017486146689022597e+00
1.817333638623202630e+00 2.024734337974849474e+00
1.837442761357207965e+00 1.971803395372176526e+00
1.859113923470647967e+00 1.916035305790122711e+00
1.882476790518880838e+00 1.858224836766692478e+00
1.907644462851895151e+00 1.799440342919381042e+00
1.934656934126490313e+00 1.741127897079814302e+00
1.963418067483526874e+00 1.685138648680015283e+00
1.993658409296175549e+00 1.633646638435706899e+00
2.024929415400482213e+00 1.588959159967799906e+00
2.049015496899683431e+00 1.553206784603485380e+00
2.032153912448507516e+00 1.527931134582050987e+00
2.014154873597236328e+00 1.513639191773993087e+00
1.995385595171424109e+00 1.509493564577478519e+00
1.976253720253999591e+00 1.513310613254539083e+00
1.957125217147331897e+00 1.521959149228365060e+00
1.938270974447222628e+00 1.532128710277367523e+00
1.919848075364254836e+00 1.541258403801485377e+00
1.901903485741997191e+00 1.548208338497209624e+00
1.884393019695441485e+00 1.553325035939407739e+00
1.867208865644847560e+00 1.557952502277389017e+00
1.850206932153404704e+00 1.563792433865841769e+00
1.833233608484611477e+00 1.572430357780077115e+00
1.816147728118692184e+00 1.585067781177496471e+00
1.798835662269921309e+00 1.602404092412129666e+00
1.781219938157966975e+00 1.624621097910706968e+00
1.763260728506838904e+00 1.651449792882126344e+00
1.744958291049359955e+00 1.682294895727506567e+00
1.726342197074317575e+00 1.716369626791631964e+00
1.707446379429302663e+00 1.752819253306953762e+00
1.688256487905865688e+00 1.790823433479437954e+00
1.668639666338239236e+00 1.829743152921072369e+00
1.648313952453947184e+00 1.869354909700577494e+00
1.627192827870136194e+00 1.909862413042161533e+00
1.605726160345356757e+00 1.951382490347674858e+00
1.584759645117016724e+00 1.993919502806055677e+00
1.565394940920955102e+00 2.037456406234416484e+00
1.548868598874580060e+00 2.081962263042343331e+00
1.536435519627026958e+00 2.127349715961161625e+00
1.529234277243202600e+00 2.173405899566505983e+00
1.528128442562608935e+00 2.129386577202305286e+00
1.533547169753072037e+00 2.056025423153773346e+00
1.545367585642517305e+00 1.982514785697363502e+00
1.562897721168443388e+00 1.910074637362167982e+00
1.584983250746488492e+00 1.840199626916728448e+00
1.610182473546290627e+00 1.774577840459987232e+00
1.636933559433861651e+00 1.714986422632249985e+00
1.663688645169744573e+00 1.663129581174255023e+00
1.689058463813495559e+00 1.620325179805550020e+00
1.711885881996716430e+00 1.586506772007111321e+00
1.730256945929087964e+00 1.559196817983280248e+00
1.743067488980171387e+00 1.538812492086127470e+00
1.749778136441614285e+00 1.525840065120275701e+00
1.750259992871289860e+00 1.520546285770909334e+00
1.744767836935622540e+00 1.522889624448337864e+00
1.733890684498399226e+00 1.532480925343352451e+00
1.718459696676553072e+00 1.548596404177346120e+00
1.699444549991270925e+00 1.570251145827898709e+00
1.677873487165606914e+00 1.596307495887643313e+00
1.654800984163893318e+00 1.625607204083469259e+00
1.631310254243296232e+00 1.657087289420684506e+00
1.608525389357064350e+00 1.689863425827822008e+00
1.587604889845268374e+00 1.723271302997642307e+00
1.569717047366762097e+00 1.756868445114153188e+00
1.555970105009728766e+00 1.790403331707035361e+00
1.547305457489895675e+00 1.823761533088551046e+00
1.544386540958031073e+00 1.856911984558567763e+00
1.547525592985898424e+00 1.889872653051586360e+00
1.556667092571278888e+00 1.922686075783840431e+00
1.571429142532593248e+00 1.955401570536939637e+00
1.591188269513977183e+00 1.988060812621972095e+00
1.615181321040325413e+00 2.020695008383455615e+00
1.642593527749717675e+00 2.053319988052759726e+00
1.672617617767396592e+00 2.085925553442084635e+00
1.704480440211694425e+00 2.118458792897364606e+00
1.737441579459502172e+00 2.150801834207552776e+00
1.770790549161587180e+00 2.182751042102829331e+00
1.803846525805926415e+00 2.214015316571830372e+00
1.835969446277267325e+00 2.244219033164521981e+00
1.866575923317573826e+00 2.272913797324427776e+00
1.895168864574606538e+00 2.299594691693603643e+00
1.921361748724175422e+00 2.323712298958886535e+00
1.944896053065338970e+00 2.344686758710224250e+00
1.965642346510922289e+00 2.361916031330974608e+00
1.983583526381866413e+00 2.374786512283129980e+00
1.998780230330986951e+00 2.382687255750721267e+00
2.011323975692321131e+00 2.385037355896731714e+00
2.021290823083754962e+00 2.381332918259471132e+00
2.028722154149532386e+00 2.371213572953566384e+00
2.033640584049599020e+00 2.354539561864433583e+00
2.036075893862667741e+00 2.331450149926319160e+00
2.036093081512821090e+00 2.302364546338951712e+00
2.033802388131306316e+00 2.267924721072983818e+00
2.029367073290007983e+00 2.228914636568932739e+00
2.023014165675338205e+00 2.186177521076272168e+00
2.015043119778721969e+00 2.140555796842837921e+00
2.005831522848418036e+00 2.092864806888173668e+00
1.995835571662166297e+00 2.043900650131252217e+00
1.985576426505671455e+00 1.994478663863950008e+00
1.975617105242413629e+00 1.945472328596326017e+00
1.966531028711492546e+00 1.897828935552123619e+00
1.958874888078996568e+00 1.852542619190729045e+00
1.953166988144859229e+00 1.810584303054852517e+00
1.949879357937789548e+00 1.772795037694552267e+00
1.949442324077993671e+00 1.739754550176931369e+00
1.952294881184050146e+00 1.711638499075829323e+00
1.958433595321221521e+00 1.688615674662083732e+00
1.967478187802959022e+00 1.671133393583056792e+00
1.978801848412416353e+00 1.659766744829888951e+00
1.991664592636923414e+00 1.654955291390384886e+00
2.005729322472354248e+00 1.656770401903485901e+00
2.020951014576882976e+00 1.664929016869469258e+00
2.037334382593956938e+00 1.678856357323326609e+00
2.054907248238345918e+00 1.697779184036042333e+00
2.073706123634390330e+00 1.720809319736297027e+00
2.093761903991511186e+00 1.747021251007158105e+00
2.087856834575539722e+00 1.775547103006565930e+00
2.069114710705448612e+00 1.806115231002664689e+00
2.052497206912810679e+00 1.838924779284433653e+00
2.038234841210140758e+00 1.874432064435611833e+00
2.026470028758245778e+00 1.913096985659754834e+00
2.017203730351523561e+00 1.955112788017470127e+00
2.010277885181452451e+00 2.000347273980383811e+00
2.005392496723145790e+00 2.048459792861034856e+00
2.002125313808285068e+00 2.098993676806918618e+00
1.999993350773962675e+00 2.151454242218401980e+00
1.998518116875949824e+00 2.205399263056115444e+00
1.997254046904410441e+00 2.230328684917160853e+00
1.995809680738176439e+00 2.155223930421658274e+00
1.993861392787495967e+00 2.083543708075353607e+00
1.991160858388951294e+00 2.015651527287259714e+00
1.987549524927106237e+00 1.951778963664520639e+00
1.982968918439691031e+00 1.891991098755658518e+00
1.977471152030037427e+00 1.836164074057315299e+00
1.971223011193454999e+00 1.783997973744556598e+00
1.964501627786837679e+00 1.735077927075690862e+00
1.957684049933916537e+00 1.688969680277359942e+00
1.951233254253627480e+00 1.645347863190714577e+00
1.945681345440977372e+00 1.604146762626245559e+00
1.941608900818031058e+00 1.565713419231855363e+00
1.939620224534095660e+00 1.530917624880748784e+00
1.940308736525231836e+00 1.501158404292999515e+00
1.944210025574727663e+00 1.478208791010886536e+00
1.951746994498829046e+00 1.463887624449022651e+00
1.963171508079278427e+00 1.459618440151509100e+00
1.978521155365580819e+00 1.466027587637639407e+00
1.997615462660438101e+00 1.482741642534039173e+00
2.020101621069953168e+00 1.508467765336984678e+00
2.045530518648318363e+00 1.541301868118320373e+00
2.073440917610899881e+00 1.579117824718460739e+00
2.103422613237781569e+00 1.619895676903789106e+00
2.135144485337601594e+00 1.661941632547398573e+00
2.168350685220262086e+00 1.703990996353645926e+00
2.202830740774377016e+00 1.745219801677799110e+00
2.218240458828458550e+00 1.785182864544671011e+00
2.179975377788069935e+00 1.823730050458214569e+00
2.138012683674856085e+00 1.860909660783507613e+00
2.092004436548394963e+00 1.896880840478939012e+00
2.041714524183226409e+00 1.931845834649345450e+00
1.987053788695637868e+00 1.966008339242967917e+00
1.928121564706337221e+00 1.999543072874824023e+00
1.865262186312053316e+00 2.032587855381863484e+00
1.799143505672643029e+00 2.065237606710404794e+00
1.730858574989337484e+00 2.097541530159566125e+00
1.662048964776574600e+00 2.129492161327370070e+00
1.595044114045192529e+00 2.161012071426827053e+00
1.532962453964598071e+00 2.191949576038985992e+00
1.479689316106387542e+00 2.222099594353019736e+00
1.439578412045849243e+00 2.227018070690029994e+00
1.416751392107356677e+00 2.158383326476682740e+00
1.414043972076191924e+00 2.084808585281172189e+00
1.432064878752929316e+00 2.006321270195916995e+00
1.469010896456248050e+00 1.923474654396530870e+00
1.521371358741834046e+00 1.837386388521592639e+00
1.585001475288512429e+00 1.749718007596408720e+00
1.655967250082031939e+00 1.662694038350659653e+00
1.730953316911062911e+00 1.579217132051044858e+00
1.807343938568457542e+00 1.503043342569805985e+00
1.883148270677418079e+00 1.438871782385325426e+00
1.956917015055529729e+00 1.392075552638521785e+00
2.027728494478882482e+00 1.367669654436790116e+00
2.095231734392205780e+00 1.368565704739839850e+00
2.076453921108599943e+00 1.394159828305086668e+00
2.019862654680839142e+00 1.440464437961249899e+00
1.963971202295692997e+00 1.501700088236511910e+00
1.908735726949891465e+00 1.572058874245203519e+00
1.854113017745239178e+00 1.646752670121796047e+00
1.800020877714930245e+00 1.722338788574276025e+00
1.746394119103091391e+00 1.796686755529952828e+00
1.693370975510986476e+00 1.868709332025763947e+00
1.641544232242002188e+00 1.937945406466651033e+00
1.592141929079724072e+00 1.897258675043149490e+00
1.547072763397640216e+00 1.852481359694754914e+00
1.508806015295803826e+00 1.816258659159578626e+00
1.480074994185739179e+00 1.789096767124819909e+00
1.463385238544105960e+00 1.771139793107757487e+00
1.460444400267304266e+00 1.762091206818083844e+00
1.471709557310151295e+00 1.761179613258402998e+00
1.496265297547489048e+00 1.767177054262034863e+00
1.532077205340218962e+00 1.778472405156868996e+00
1.576456235656993554e+00 1.793190397944832704e+00
1.626535604595020112e+00 1.809342022976170306e+00
1.679637430991762770e+00 1.824978667613131211e+00
1.733501250355702572e+00 1.838321946461157985e+00
1.786384528044123066e+00 1.847863275783212522e+00
1.837041883798446129e+00 1.852421823254815081e+00
1.884611910944120838e+00 1.851164748927880188e+00
1.928471311418461287e+00 1.843610535326532629e+00
1.968094347954123968e+00 1.829627341945618602e+00
2.002948863459090845e+00 1.809430042864895949e+00
2.032453248098962995e+00 1.783577373979297942e+00
2.056004306434448647e+00 1.752965212768419878e+00
2.073066832757547662e+00 1.718818415718823989e+00
2.083276849908431760e+00 1.682678562252058141e+00
2.086507902164313588e+00 1.646378819228876411e+00
2.082884641401052672e+00 1.611994208283419772e+00
2.072749049132361687e+00 1.581742190940466752e+00
2.056604198237127257e+00 1.557825412025004130e+00
2.035063135453961003e+00 1.542207798454366730e+00
2.008818579148517802e+00 1.536364964228410290e+00
1.978633963271465124e+00 1.541065387988910684e+00
1.945332983963077300e+00 1.556267890952467425e+00
1.909776563257912452e+00 1.581175823580925899e+00
1.872823555078886537e+00 1.614414643008803107e+00
1.835287634564512382e+00 1.654269483268065999e+00
1.797907126263582844e+00 1.698908706700237081e+00
1.761341428222022332e+00 1.746556304687426397e+00
1.726191005124263711e+00 1.795605006368125256e+00
1.693031244104251876e+00 1.844680840630646079e+00
1.662448676550292603e+00 1.892675152879323086e+00
1.635072963615194608e+00 1.938750689856727050e+00
1.611582066708115546e+00 1.982332936440535986e+00
1.592707235737273574e+00 2.023085171937340832e+00
1.579206649717848743e+00 2.060880742770422103e+00
1.571821148053406336e+00 2.095771969590403128e+00
1.571213346348729001e+00 2.127958355187981265e+00
1.577896477697230626e+00 2.157745233381753280e+00
1.592158187726227192e+00 2.185498987778210278e+00
1.613991733886218638e+00 2.211594742805562230e+00
1.643056884737161161e+00 2.236366161219056181e+00
1.678667306222110467e+00 2.260064099242481639e+00
1.719824837122276406e+00 2.282834255371034349e+00
1.765302995132955077e+00 2.262437383455579543e+00
1.813761087638867009e+00 2.225306246079093775e+00
1.863879977587827641e+00 2.187019931143934226e+00
1.914477529911223774e+00 2.147200886648549467e+00
1.964613395201671109e+00 2.105447637166112163e+00
2.013664086302153766e+00 2.061349814456904905e+00
2.061360737471654936e+00 2.014507411423499317e+00
2.107769294063829069e+00 1.964558958418564760e+00
2.153226373882353162e+00 1.911223769323780353e+00
2.198238067717559474e+00 1.854368139350117906e+00
2.243365392420699767e+00 1.794094237273548220e+00
2.289124281152945528e+00 1.730851527722581107e+00
2.291341855260176086e+00 1.665575707121065951e+00
2.241265328642240373e+00 1.599847184048387438e+00
2.185779931498915030e+00 1.536037506021399768e+00
2.125666285049681470e+00 1.477403331572947565e+00
2.061814171789582151e+00 1.428043952646525838e+00
1.995296463901676809e+00 1.392552083027277288e+00
1.927319521254395207e+00 1.375100885597514644e+00
1.859147823824085499e+00 1.378157101068244073e+00
1.792076386906177543e+00 1.401555687339796519e+00
1.727476692224747756e+00 1.442648034998638584e+00
1.666859576336546578e+00 1.497434260671254735e+00
1.611914111065307242e+00 1.561828532344410103e+00
1.564489463326080632e+00 1.632401288947240126e+00
1.526515477455250069e+00 1.706537335096831365e+00
1.499827033940974053e+00 1.782323229907885498e+00
1.485872193707035160e+00 1.858436522986472106e+00
1.485414206112113167e+00 1.934100576846509156e+00
1.498360729724641738e+00 2.009009073770429588e+00
1.523782363855263444e+00 1.990452633743371891e+00
1.560064686568667591e+00 1.953933736271141086e+00
1.605156553606891245e+00 1.925123829390009256e+00
1.656853137096642614e+00 1.903701694534901678e+00
1.713044036695445360e+00 1.889035752895007247e+00
1.771882841470089565e+00 1.880221463795438641e+00
1.831854795018180271e+00 1.876151392649436644e+00
1.891761466527577262e+00 1.875634636367331076e+00
1.950617388845705902e+00 1.877618368796228676e+00
2.007571685855547461e+00 1.881387644267339621e+00
2.062067162089549655e+00 1.886818761763797925e+00
2.114179099405252060e+00 1.894521683071635376e+00
2.164581451772511045e+00 1.905412780963814168e+00
2.214239818638945145e+00 1.920104075019544165e+00
2.264145362597360656e+00 1.938805845572180386e+00
2.314304333519536350e+00 1.961278686485450340e+00
2.363246873212322186e+00 1.987005242755507162e+00
2.407941866677582254e+00 2.014903176056876077e+00
2.443089337429283248e+00 2.043020165071872896e+00
2.444759906159196472e+00 2.068790272894178273e+00
2.453711723837268543e+00 2.090449614611441742e+00
2.431429478847425329e+00 2.108425722434736027e+00
2.390942729196005700e+00 2.124488030286769913e+00
2.342311971712043750e+00 2.140050128267408258e+00
2.289965769359750603e+00 2.155681429985417452e+00
2.236368085088007884e+00 2.171422851118643305e+00
2.182554189317905458e+00 2.187144993821323880e+00
2.128414443553178881e+00 2.202759258382941177e+00
2.073372635739615610e+00 2.218212437110091972e+00
2.017064753427070922e+00 2.233446509972236260e+00
1.959468294885494899e+00 2.248426300474247519e+00
1.900886914570919961e+00 2.217090797016538328e+00
1.841924502142988418e+00 2.187329640163473865e+00
1.783467811162414263e+00 2.159591365773420701e+00
1.726673871954268469e+00 2.133707303269267719e+00
1.672976366215993105e+00 2.109548843814429198e+00
1.624104175575630471e+00 2.087036080811121685e+00
1.581981634763572231e+00 2.066063258588099139e+00
1.548557691661660796e+00 2.046488648975461455e+00
1.525566214801305831e+00 2.028158549942232991e+00
1.514244828339500470e+00 2.010993359258482993e+00
1.515086913691981341e+00 1.995042329138714488e+00
1.527724499073594533e+00 1.980511667629229589e+00
1.550978384553031164e+00 1.967744779524966736e+00
1.583079007828612328e+00 1.957155593110289304e+00
1.621958624668863536e+00 1.949151152467054837e+00
1.665525040888959030e+00 1.944066509733983317e+00
1.711848530610631469e+00 1.942123609298853637e+00
1.759246897800252230e+00 1.943417753452583163e+00
1.806313669287175294e+00 1.947917704500570446e+00
1.851900624678955332e+00 1.955477119631279237e+00
1.895100866397163575e+00 1.965855778507215934e+00
1.935217891182982042e+00 1.978748243220030734e+00
1.971750065183781597e+00 1.993812282334139319e+00
2.004366121243155163e+00 2.010702039019500731e+00
2.032887209528553729e+00 2.029102320040748531e+00
2.057264870364064357e+00 2.048757770399859179e+00
2.077559707761042151e+00 2.069499400243149267e+00
2.093914273167160722e+00 2.091261459190977501e+00
2.106525466998780516e+00 2.114082320668267290e+00
2.115609974297050222e+00 2.138093237448796202e+00
2.121371271674504566e+00 2.163492565172430382e+00
2.123963436369765478e+00 2.190509412091679486e+00
2.123455806167113380e+00 2.219363973767211284e+00
2.119799776652571577e+00 2.250234321441418217e+00
2.112806049586706258e+00 2.283228006846404146e+00
2.102134848936285660e+00 2.318372480804731239e+00
2.087308336102663198e+00 2.355621845318991436e+00
2.067753113436503476e+00 2.335804187623651718e+00
2.042875812266041535e+00 2.280406236964850564e+00
2.012170441709781876e+00 2.225670221658876180e+00
1.975350268400654752e+00 2.172358233807933470e+00
1.932478338161896625e+00 2.121223851841779862e+00
1.884046058425871806e+00 2.073046916693555897e+00
1.830981726999044712e+00 2.028650361530584423e+00
1.774644574692838539e+00 1.988869100337133489e+00
1.716815808371430663e+00 1.954477317960256810e+00
1.659671820139675402e+00 1.926092217189804723e+00
1.605740269039045209e+00 1.904072884099965446e+00
1.557804483452168931e+00 1.888452027303805680e+00
1.518709003869262997e+00 1.878930106453337912e+00
1.491048577235486228e+00 1.874952832212023468e+00
1.476754626024870509e+00 1.875855520630065554e+00
1.476721457910539437e+00 1.881025497097216226e+00
1.490620120944319726e+00 1.890014048960360959e+00
1.516996639679855763e+00 1.902567502312575209e+00
1.553611180562755711e+00 1.918586677052889655e+00
1.597904971299602961e+00 1.938044821339627966e+00
1.647414104869738827e+00 1.960893060406635025e+00
1.700025017247344339e+00 1.987033521173360073e+00
1.754056875778529090e+00 2.016377949193184804e+00
1.808243132222716376e+00 2.048881019256047153e+00
1.861660659233893345e+00 2.084462416761453607e+00
1.913618021977467443e+00 2.102157833798806941e+00
1.963550089264266996e+00 2.041001875624465889e+00
2.010991406942938653e+00 1.979364403999323452e+00
2.055595576680302905e+00 1.918804712189458472e+00
2.097154893550733146e+00 1.861029717660530824e+00
2.135613547925896416e+00 1.807848474370946867e+00
2.171075822004028044e+00 1.761111342222453802e+00
2.203805577048140840e+00 1.722619445047908870e+00
2.234214203565697776e+00 1.693979372613244161e+00
2.262867061042605599e+00 1.676402789916659142e+00
2.263731195058649170e+00 1.669978006947588911e+00
2.222237044908454529e+00 1.673137219699072364e+00
2.179740783675625515e+00 1.684701025371054373e+00
2.136211869946547104e+00 1.704012585158074966e+00
2.091748406306303210e+00 1.730465911015437452e+00
2.046560818314174579e+00 1.763390327881106057e+00
2.000986187959540086e+00 1.802027459882661553e+00
1.955468427258528985e+00 1.845529943108815685e+00
1.910521623934416491e+00 1.892962831719761319e+00
1.866686780790734579e+00 1.943325866561986137e+00
1.824494591062029381e+00 1.995593961332673860e+00
1.784477594473742101e+00 2.048765670105102910e+00
1.747169554528835045e+00 2.101902141164907700e+00
1.713128815897155155e+00 2.154157506505725905e+00
1.682950149452460575e+00 2.204812108726835973e+00
1.657274448364784991e+00 2.253306371527254992e+00
1.636760885791380682e+00 2.299267191432316615e+00
1.622039560374601841e+00 2.342499146429418477e+00
1.613632607717363943e+00 2.382939237749508887e+00
1.611863360545792379e+00 2.420584458463094890e+00
1.616796295574033593e+00 2.455413189301637544e+00
1.628226765135010190e+00 2.487320098899036935e+00
1.645719373218270887e+00 2.516072800547450861e+00
1.668674771250773015e+00 2.541296357275705020e+00
1.696393243823255181e+00 2.562487342268398027e+00
1.728101877174062828e+00 2.579060950206789826e+00
1.762951749143277569e+00 2.590419760890244394e+00
1.800039980095229142e+00 2.596036191891327949e+00
1.838476970264007138e+00 2.595532352104158225e+00
1.877462754327381633e+00 2.588752242676857218e+00
1.916322909856165602e+00 2.575818386710470698e+00
1.954501120213500087e+00 2.557159713218249752e+00
1.991526363606980654e+00 2.533497433596342940e+00
2.026969271973057207e+00 2.505794351512893758e+00
2.060410390507692036e+00 2.475177826978671725e+00
2.091421786195542420e+00 2.442846201602038914e+00
2.119566347677819262e+00 2.409974696232090263e+00
2.142642895544086823e+00 2.377618553853140693e+00
2.113371169171490038e+00 2.346619987391229234e+00
2.088293980350444556e+00 2.317515312492174129e+00
2.067946850011878279e+00 2.290465425342100403e+00
2.052772147739854169e+00 2.265235787942486922e+00
2.043092349231665494e+00 2.241254866877562701e+00
2.039087874059103189e+00 2.217761279191708734e+00
2.040788047632026814e+00 2.194007662507931222e+00
2.048060467826352760e+00 2.169430363030016018e+00
2.060584822730970878e+00 2.143677721582650353e+00
2.077848520095434193e+00 2.116512375772011012e+00
2.099174942566755853e+00 2.087580392829282427e+00
2.114646566162133645e+00 2.056169970259706492e+00
2.090183237462362786e+00 2.021095563979058429e+00
2.064340132519199233e+00 1.981803761024776955e+00
2.037507424059589400e+00 1.938201971322146999e+00
2.009991146303891085e+00 1.890515590013337244e+00
1.982007711286297713e+00 1.839237784084155614e+00
1.953708737786894467e+00 1.785093622925140622e+00
1.925225849045888449e+00 1.729049066364705567e+00
1.896708728621333107e+00 1.672379730093732420e+00
1.868335719790114036e+00 1.616754517185505113e+00
1.840305092536902443e+00 1.564310414542321226e+00
1.812830397504727298e+00 1.517677654850824398e+00
1.786149283369530272e+00 1.479857691845548828e+00
1.760560870283455426e+00 1.453863281338325653e+00
1.736476884218747907e+00 1.442122988225346347e+00
1.714479609211177147e+00 1.445808570687054262e+00
1.695364253342395600e+00 1.464422340689762736e+00
1.680142609892713468e+00 1.495910009163108567e+00
1.669980090618579105e+00 1.537299191192092795e+00
1.666018813606920501e+00 1.585490925513379112e+00
1.669104275097101908e+00 1.637745880296263445e+00
1.679540428088284632e+00 1.691758283661292328e+00
1.697045758282920591e+00 1.745588860944409682e+00
1.720916334290842009e+00 1.797699635085750591e+00
1.750303042852437541e+00 1.847097338763122432e+00
1.784496752503993866e+00 1.893399006758625269e+00
1.823087870098268226e+00 1.936655832029931190e+00
1.865905118057336276e+00 1.977078001592112999e+00
1.912398460719684667e+00 2.015602406804895885e+00
1.962023494944248991e+00 2.052795676986785001e+00
2.014414978371309228e+00 2.088916011119939853e+00
2.017308088823761114e+00 2.123988289195612111e+00
1.957894821309100974e+00 2.140268397362516506e+00
1.896700414151269998e+00 2.155883775372620104e+00
1.833618964254717154e+00 2.171580986167080507e+00
1.768863982641773136e+00 2.186858701558388685e+00
1.703102380930902937e+00 2.201283131061368081e+00
1.637491183611970991e+00 2.214467815382933580e+00
1.573795994139700172e+00 2.226074336191209646e+00
1.514500373779193332e+00 2.235817876277175653e+00
1.462817922452173125e+00 2.243471123276365109e+00
1.422494485250980878e+00 2.248875788839075351e+00
1.397239081785455639e+00 2.251953031071483480e+00
1.389785820072946487e+00 2.252705668113042403e+00
1.400980421244824692e+00 2.251197176272604850e+00
1.429452250181899808e+00 2.247514290469486031e+00
1.472106654630406908e+00 2.241727640240111619e+00
1.525054403585448970e+00 2.233884280791115007e+00
1.584384383524841233e+00 2.224024564138617155e+00
1.646606340537734470e+00 2.212211120878533333e+00
1.708806136211389548e+00 2.198552212659496075e+00
1.768719327995984081e+00 2.183223290362748426e+00
1.824787385179880372e+00 2.166493694342525700e+00
1.876169248344027318e+00 2.148744762869027269e+00
1.922673358025738466e+00 2.130471238719317206e+00
1.964570305404412132e+00 2.112245077949677974e+00
2.002342625709918611e+00 2.094663296044848355e+00
2.036505629142872476e+00 2.078300695959569566e+00
2.067557550031928315e+00 2.063680670105936255e+00
2.095971789414423636e+00 2.051246663573838447e+00
2.122190161195236957e+00 2.033952717984574665e+00
2.146603278318412578e+00 2.006202454393307022e+00
2.169524854117863555e+00 1.980163082673232156e+00
2.191165977947442389e+00 1.956327121558051552e+00
2.211618169151834845e+00 1.935210320886319613e+00
2.230845308298598617e+00 1.917343727581267476e+00
2.248689245239583911e+00 1.903256831483300493e+00
2.264908333433831356e+00 1.893456290565280309e+00
2.279229634263791215e+00 1.888398988915352072e+00
2.291391726676033969e+00 1.888459103296533659e+00
2.301167727047206402e+00 1.893889617221491628e+00
2.308378111214060446e+00 1.904805066220362164e+00
2.312902200164667299e+00 1.921187317260008909e+00
2.314687734129101226e+00 1.942920492206002381e+00
2.313750587960192284e+00 1.969832569624711871e+00
2.310163994504994101e+00 2.001739407967204620e+00
2.304039102988943544e+00 2.031453014741503971e+00
2.295506530535198486e+00 2.023352205567996887e+00
2.284702764788606899e+00 2.013128801868683926e+00
2.271825650335989710e+00 2.000244861912756633e+00
2.257444943694522532e+00 1.984475334641862654e+00
2.242138305229221640e+00 1.965819595926745711e+00
2.226302373838304760e+00 1.944589185803080156e+00
2.209946607848472855e+00 1.921696361298798283e+00
2.193113594134762145e+00 1.898328000757770306e+00
2.176213430936516868e+00 1.875282500814237974e+00
2.131378346177270622e+00 1.853377900730473815e+00
2.078707327792144621e+00 1.833309767973332116e+00
2.027260161462412391e+00 1.815568678589290830e+00
1.977820426056016823e+00 1.800458731718209915e+00
1.931112830535166580e+00 1.788128669189590791e+00
1.887730515566682366e+00 1.778576232440713722e+00
1.848079380162826135e+00 1.771651794718626771e+00
1.812357893872440062e+00 1.767065226362860564e+00
1.780582882245362430e+00 1.764402831679370287e+00
1.752670736049815936e+00 1.763166459161409128e+00
1.728552423065274901e+00 1.762857241038606970e+00
1.708288314851183154e+00 1.763112515300968575e+00
1.692132825734051771e+00 1.763879344186596310e+00
1.680580761616874197e+00 1.765518773912430728e+00
1.674318591427124359e+00 1.768738543723380463e+00
1.674094327711038055e+00 1.774373317526788174e+00
1.680552324245492501e+00 1.783185118287448967e+00
1.694093621195103871e+00 1.795738265898982666e+00
1.714778255560472031e+00 1.812323646531565080e+00
1.742287038953813871e+00 1.832930961316185936e+00
1.775946055365173581e+00 1.857258018598253235e+00
1.814810434548530305e+00 1.884764876782554888e+00
1.857774339332611824e+00 1.914784509332568829e+00
1.903695612632870571e+00 1.919113002510440147e+00
1.951501082572597578e+00 1.884510542604800776e+00
2.000264923394104333e+00 1.854236527416391223e+00
2.049253087680750873e+00 1.828582488350608326e+00
2.097911899620036102e+00 1.807666494079463559e+00
2.145807918676840398e+00 1.791704016873170824e+00
2.192602637497376161e+00 1.781153601276684650e+00
2.238056742289804113e+00 1.776568895668026116e+00
2.282009723028144865e+00 1.778339926379159719e+00
2.324346684320695022e+00 1.786487690216030488e+00
2.364974253369164892e+00 1.800568612836978888e+00
2.403807330261691799e+00 1.819702313610983779e+00
2.440771497157603331e+00 1.842685741451487669e+00
2.475806000738564716e+00 1.868152178152592713e+00
2.508865000265325218e+00 1.894724028277752215e+00
2.536728583172691565e+00 1.921138563384042541e+00
2.521000647207278789e+00 1.946340158086271588e+00
2.503411651781038749e+00 1.969533068541486909e+00
2.484142997889121407e+00 1.990199945581849983e+00
2.463321812850181036e+00 2.008085080758581942e+00
2.441016759843849471e+00 2.023150151490606508e+00
2.417235504890710374e+00 2.035515456587684735e+00
2.391926749427365717e+00 2.045404874464250788e+00
2.364967664253815105e+00 2.053109177739545821e+00
2.336145234863158393e+00 2.058945965829676705e+00
2.305184093522961053e+00 2.063185661672765292e+00
2.271789252815892279e+00 2.066004251455661578e+00
2.235681693596116126e+00 2.067467776421951786e+00
2.196641801140378547e+00 2.067539042567292817e+00
2.154570029226626549e+00 2.066099566643226471e+00
2.109539535717380954e+00 2.062954589937149752e+00
2.061819086252750122e+00 2.057830888662238955e+00
2.011860838296081866e+00 2.050374167562827310e+00
1.960278164993616956e+00 2.040164710836744444e+00
1.907810454315503224e+00 2.026749062425657666e+00
1.855285413917038273e+00 2.009688679120547050e+00
1.803582649839396757e+00 1.988606259361503925e+00
1.753608007888986853e+00 1.963232431497729191e+00
1.706299179074929118e+00 1.933444918111058008e+00
1.662661240491575487e+00 1.899308466595844624e+00
1.623803284654435908e+00 1.861113572230846946e+00
1.590940546924882515e+00 1.819410532816326587e+00
1.565336613043530667e+00 1.775033317869529448e+00
1.548169806622923694e+00 1.729116066276754626e+00
1.540350099796691685e+00 1.683098807887033477e+00
1.542324611041086424e+00 1.638719901870162143e+00
1.553956231457136461e+00 1.597972323480857604e+00
1.574525060088939332e+00 1.563004905929985755e+00
1.602840040958908308e+00 1.535934583403425702e+00
1.637414968521105907e+00 1.518590696180227573e+00
1.676637453772830133e+00 1.512232530564173283e+00
1.718889004276623611e+00 1.517328921120205454e+00
1.762613542092262620e+00 1.533500186783165686e+00
1.806358132342306577e+00 1.559651290505179588e+00
1.848800671133790097e+00 1.594221521472156011e+00
1.888785911951649021e+00 1.635461247845357846e+00
1.925363531676022033e+00 1.681624133262077159e+00
1.957812711290289442e+00 1.731046389738489788e+00
1.985640201690953788e+00 1.782159794529566188e+00
2.008564042532037242e+00 1.833505520575012371e+00
2.026498702389214035e+00 1.883765655403038863e+00
2.039518704537981453e+00 1.931794640989000333e+00
2.047798606187679393e+00 1.976634951047567812e+00
2.051551956126863807e+00 2.017498740711148653e+00
2.050990316962049587e+00 2.053730878371557544e+00
2.046310048712466578e+00 2.084778602238697154e+00
2.037696838569454272e+00 2.110181435569305819e+00
2.025333742382961155e+00 2.129578654472236376e+00
2.009409292355114562e+00 2.142725871920346581e+00
1.990128510204929313e+00 2.149510267769685790e+00
1.967726914995841403e+00 2.149962500139163346e+00
1.942487081267125548e+00 2.144263842278050891e+00
1.914755645794370187e+00 2.132745275510865568e+00
1.884960447039707443e+00 2.115882493295537792e+00
1.853619793932654414e+00 2.094286455700367533e+00
1.821343489627630818e+00 2.068693945627757547e+00
1.788830028980211484e+00 2.039965331373889246e+00
1.756856709139612338e+00 2.009090571607793585e+00
1.726264014924767221e+00 1.977203026294406252e+00
1.697923088780957990e+00 1.945577143927974095e+00
1.672691572888783451e+00 1.915590639680334828e+00
1.651360802408073036e+00 1.888626761241031460e+00
1.634615728896792186e+00 1.865920764523973041e+00
1.623013013857815379e+00 1.848408685943291108e+00
1.616949561090225806e+00 1.836648404792761147e+00
1.616618797027397525e+00 1.830798108209736208e+00
1.621975479518433794e+00 1.830650465103797142e+00
1.632722694807459130e+00 1.835716311861274042e+00
1.648324888113035680e+00 1.845348222244076686e+00
1.668059466446670580e+00 1.858834763797580614e+00
1.691094015923270577e+00 1.875450622990580296e+00
1.716557365980204475e+00 1.894478523173582118e+00
1.743592296960367660e+00 1.915216763125820565e+00
1.771377383417553908e+00 1.936992563977449899e+00
1.799144378976591740e+00 1.959189046352459940e+00
1.826191429000522781e+00 1.981283958715457594e+00
1.851912671359482676e+00 2.002900171217127046e+00
1.875825673813227512e+00 2.023842165074771327e+00
1.897582447686562812e+00 2.044108733063777716e+00
1.916951363827838817e+00 2.063877623851801513e+00
1.933775237337239883e+00 2.083467646744544766e+00
1.947921641630550038e+00 2.103288728199441682e+00
1.959249568364454186e+00 2.123790900653488301e+00
1.967600633425039103e+00 2.145423004873347583e+00
1.972809780667782009e+00 2.095070101574600496e+00
1.974729670007722593e+00 2.020949665515549665e+00
1.973253065277277951e+00 1.949180376716127983e+00
1.968336063833272531e+00 1.880192794134218026e+00
1.960043129891683611e+00 1.814112178324731373e+00
1.948631473516718060e+00 1.750737971487706490e+00
1.934587754446782215e+00 1.689884419681619843e+00
1.918463382391305982e+00 1.631880089057170746e+00
1.900733697118678345e+00 1.577758193005050158e+00
1.881778448793132164e+00 1.529286503808671371e+00
1.861879285978652376e+00 1.488908421644788094e+00
1.841207835676900384e+00 1.459475825839002372e+00
1.819822753815037997e+00 1.443703094101423501e+00
1.797701799501769226e+00 1.443449844055609166e+00
1.774815323390514843e+00 1.459158495004524880e+00
1.751206077053474308e+00 1.489755196610838439e+00
1.727042002585905900e+00 1.533083338128362394e+00
1.702634428528363220e+00 1.586597097444252480e+00
1.678440532535862895e+00 1.647936954559893197e+00
1.655078329514298563e+00 1.715156571243999339e+00
1.633307759288739058e+00 1.786583954023416299e+00
1.613973504200636677e+00 1.860600330489329268e+00
1.597911812267301723e+00 1.935655047287226482e+00
1.585859233715952721e+00 2.010473998254921124e+00
1.578364171286078088e+00 2.084231802479682649e+00
1.575726930099968781e+00 2.156613374814638551e+00
1.578064671742292147e+00 2.227966029826412342e+00
1.585453160250177129e+00 2.298898253715973450e+00
1.597853067531543214e+00 2.369701684616894344e+00
1.615040644630552302e+00 2.440462136015590922e+00
1.636587618266423849e+00 2.511119559258360834e+00
1.661888285172330670e+00 2.581498792215549454e+00
1.690229859305818261e+00 2.568203733885082052e+00
1.720902763887462994e+00 2.538919533322757438e+00
1.753297466619061939e+00 2.512177091993412770e+00
1.786914647158019065e+00 2.487464706711917106e+00
1.821325138215599049e+00 2.464249526024962833e+00
1.856163253111022815e+00 2.442020135817137394e+00
1.891134620054644389e+00 2.420260937017587377e+00
1.926009174386751344e+00 2.398419889894895185e+00
1.960594788824022938e+00 2.375905809919045986e+00
1.994703796246220628e+00 2.352106969333401576e+00
2.028141135972852283e+00 2.326389845723448424e+00
2.060692028888613692e+00 2.298102576619481585e+00
2.092068668915767038e+00 2.266676275817774755e+00
2.121928629209280270e+00 2.231685477680356744e+00
2.149939224604771493e+00 2.192820290518938453e+00
2.175854083366466352e+00 2.149876253256465475e+00
2.199524164450750163e+00 2.102801589350364875e+00
2.220835597484881685e+00 2.051743327296523756e+00
2.239715193751572020e+00 1.997029750304066820e+00
2.256170878358277232e+00 1.939102788916759579e+00
2.270295066674081319e+00 1.878477121489035007e+00
2.282222152018425820e+00 1.815729160565759059e+00
2.292073819416595271e+00 1.751534192421241531e+00
2.299924607690331690e+00 1.686775675352260029e+00
2.305815666974300626e+00 1.622742063140123703e+00
2.283681259602933000e+00 1.561399902618104019e+00
2.244487721005752334e+00 1.505569069467692644e+00
2.204857860911015432e+00 1.458800442709154765e+00
2.164928036969691938e+00 1.424946017700314593e+00
2.124908693609564914e+00 1.407405943177816088e+00
2.085078094023913753e+00 1.408177713243484730e+00
2.045758029989697580e+00 1.427181049906200982e+00
2.007277157008259927e+00 1.462315552583944411e+00
1.969951485162530158e+00 1.510207094716810472e+00
1.934086514870410056e+00 1.567126434624327658e+00
1.899971471881927165e+00 1.629630920042330899e+00
1.867839076642498153e+00 1.694817529885877416e+00
1.837796795776398984e+00 1.760331198637046901e+00
1.809778030539990867e+00 1.824285730483523160e+00
1.783583947536471426e+00 1.885243683906984602e+00
1.759044347237581629e+00 1.942313542052431785e+00
1.736203041821296811e+00 1.995266172414138950e+00
1.715361009888547672e+00 2.044482157311198645e+00
1.696922553854353310e+00 2.059354594966718022e+00
1.681176958982703917e+00 2.017120211134191710e+00
1.668190287548733330e+00 1.975487131057890977e+00
1.657843113152564829e+00 1.934468806620372794e+00
1.649950522109236761e+00 1.894024326590506568e+00
1.644391981803865033e+00 1.854085118005679877e+00
1.641201951846436913e+00 1.814600919940881907e+00
1.640612571248346807e+00 1.775590176534080467e+00
1.643035214272481559e+00 1.737186947959286742e+00
1.648998182689274117e+00 1.699684426873686593e+00
1.659062014502403537e+00 1.663566361196301413e+00
1.673715239713099434e+00 1.629531978073785359e+00
1.693271152997395168e+00 1.598495553294546179e+00
1.717785028634996269e+00 1.571556392501564536e+00
1.747011383215697267e+00 1.549920154556278851e+00
1.780423088920775720e+00 1.534768880456796492e+00
1.817300849885490344e+00 1.527091403458309626e+00
1.856911629331998492e+00 1.527496125220942469e+00
1.898731958452474444e+00 1.536048266285229058e+00
1.942455922751558095e+00 1.552232556122069340e+00
1.987788264893892487e+00 1.575096574398548110e+00
2.034371394983161885e+00 1.603440504384872067e+00
2.081746555922804998e+00 1.635943876574640576e+00
2.129377205757581049e+00 1.671262396562896102e+00
2.176668011826351279e+00 1.708084445713306643e+00
2.222996800889314173e+00 1.745151276394869111e+00
2.267754907499612393e+00 1.781269438184120313e+00
2.310381082499488592e+00 1.815319789028132069e+00
2.350402999279639360e+00 1.846267012452438072e+00
2.387466068826713528e+00 1.873179731661201552e+00
2.421354082246863104e+00 1.895247627639881083e+00
2.451992637069383196e+00 1.911798829175005432e+00
2.479429084602824851e+00 1.922306959959407813e+00
2.503796226343316889e+00 1.926384011302867627e+00
2.525260201483245037e+00 1.923769730807644240e+00
2.543972828098722605e+00 1.914314506533009386e+00
2.560076647927529869e+00 1.897973349297058743e+00
2.573835818268413345e+00 1.874834807129518666e+00
2.585842687295603071e+00 1.845183628807059995e+00
2.597027310619819396e+00 1.809513239984505084e+00
2.608594095631764809e+00 1.768523439733922453e+00
2.621987516393442963e+00 1.723164951360310448e+00
2.638828107793900646e+00 1.674709572868988028e+00
2.660727557973546542e+00 1.624826078915662997e+00
2.688948006000980939e+00 1.575642823744706211e+00
2.724009429034568885e+00 1.529756839128939117e+00
2.750162319183437010e+00 1.490145954830141894e+00
2.692899743069650409e+00 1.459902528126918453e+00
2.633446900402455437e+00 1.441765049552401923e+00
2.573367101821165903e+00 1.437511834347392048e+00
2.513767231706267147e+00 1.447451140639289591e+00
2.455298795955031199e+00 1.470300939541655971e+00
2.398249963456132505e+00 1.503517616468891926e+00
2.342679245768187979e+00 1.543888293420494495e+00
2.288549815171431412e+00 1.588097309804739510e+00
2.235844521590816480e+00 1.633114550346991711e+00
2.184650538254424568e+00 1.676390652775711088e+00
2.135214329336535322e+00 1.715932704351224913e+00
2.087967480237727269e+00 1.750316879311159424e+00
2.043523905585072686e+00 1.778658735406659641e+00
2.002647716938252831e+00 1.800575477486237919e+00
1.966206262212819134e+00 1.816144486665382418e+00
1.935105834859806917e+00 1.825837431201981165e+00
1.910216452944464294e+00 1.830442511554760676e+00
1.892281347005417391e+00 1.830965814874444098e+00
1.881831533390645683e+00 1.828521428254323178e+00
1.879128567668938654e+00 1.824225363204265982e+00
1.884139931210911278e+00 1.819102477396976170e+00
1.896555010141006692e+00 1.814016560783182408e+00
1.915827946501621692e+00 1.809627642261638414e+00
1.941241074029171676e+00 1.806367008543542374e+00
1.971970234789486298e+00 1.804437827073269496e+00
2.007145205546185363e+00 1.803826381736328255e+00
2.045895158726688923e+00 1.804329901425290483e+00
2.087371708608633192e+00 1.805604024378044237e+00
2.130756893727209000e+00 1.807219280233386849e+00
2.175271464030124502e+00 1.808725045427008737e+00
2.220200283775330075e+00 1.809711978506710839e+00
2.228065078128479648e+00 1.809875740012925061e+00
2.213000393134421095e+00 1.809061948943048614e+00
2.194872090785467300e+00 1.807292820626733576e+00
2.174018526437202503e+00 1.804768238546609727e+00
2.151461270376572088e+00 1.801840026676897688e+00
2.128598718351311980e+00 1.798961077895061988e+00
2.106870417641551807e+00 1.796622515962169153e+00
2.087533843799662669e+00 1.795285159145542986e+00
2.071559237579271517e+00 1.795321876944755202e+00
2.059599517042219219e+00 1.796984652800742044e+00
2.051982996601991349e+00 1.800388790365551772e+00
2.048733516087692497e+00 1.805512212648375359e+00
2.049624756165958406e+00 1.812204466964624450e+00
2.054255737801450987e+00 1.820202607656175919e+00
2.062116606780645345e+00 1.829155092871567856e+00
2.072637963316596110e+00 1.838657961520216766e+00
2.085229606583911544e+00 1.848290133001254443e+00
2.099311453352539658e+00 1.857641876443353990e+00
2.114343083874847817e+00 1.866323849762244746e+00
2.129858470468118714e+00 1.873982640803722566e+00
